# 感染拡大前比	神奈川県 横浜中華街駅	神奈川県 横浜駅	神奈川県 川崎駅	千葉県 千葉駅	千葉県 船橋駅	東京都 立川駅	東京都 銀座	神奈川県 橋本駅	栃木県 宇都宮オリオン通り	埼玉県 大宮駅西	東京都 東京駅南	東京都 新宿駅	栃木県 宇都宮駅	神奈川県 みなとみらい	東京都 丸の内	東京都 霞が関	東京都 羽田空港 第1ターミナル	東京都 渋谷センター街	東京都 大手町	東京都 品川駅	東京都 羽田空港 第2ターミナル	東京都 東京駅
2020/05/08	-48.6285714285714	-74.1	-62.3714285714286	-65.9142857142857	-53.0142857142857	-60.4857142857143	-68.5857142857143	-45.8142857142857	-49.7142857142857	-69.8285714285714	-76.1428571428571	-77.8142857142857	-59.8	-78.0857142857143	-78.2857142857143	-58.0142857142857	-69.4571428571428	-75.0285714285714	-68.7714285714286	-67.2285714285714	-76.7285714285714	-80.4714285714286
2020/05/09	-48.2285714285714	-73.6285714285714	-61.7	-65.2428571428571	-52.3285714285714	-60.2	-67.4857142857143	-44.9428571428571	-48.4714285714286	-69.4	-75.5571428571429	-77.0571428571428	-58.7714285714286	-77.2285714285714	-77.7	-57.3571428571429	-69.0714285714286	-74.7714285714286	-68.2142857142857	-66.7428571428571	-76.7428571428571	-80.0857142857143
2020/05/10	-48.0142857142857	-73.0142857142857	-60.8857142857143	-64.7142857142857	-51.6	-59.4714285714286	-66.4571428571429	-43.6428571428571	-47.3142857142857	-68.9	-75.2142857142857	-76.3428571428571	-58.2428571428571	-77.1428571428571	-77.6142857142857	-57.4571428571429	-69.1142857142857	-74.3	-67.8428571428571	-66.6428571428571	-76.7	-79.7571428571429
2020/05/11	-47.6714285714286	-72.5571428571429	-60.2428571428571	-64.1142857142857	-51.0714285714286	-58.8857142857143	-65.8142857142857	-42.8	-46.2285714285714	-68.5285714285714	-75.0714285714286	-75.7285714285714	-57.6857142857143	-77.1857142857143	-77.5	-58.0857142857143	-68.9285714285714	-74.0571428571428	-67.6857142857143	-66.6857142857143	-76.7142857142857	-79.7
2020/05/12	-43.6714285714286	-70.2142857142857	-57.4	-61.3285714285714	-48.7571428571429	-56.4	-63.9285714285714	-39.4285714285714	-42.5571428571429	-65.8714285714286	-72.9285714285714	-73.1428571428571	-55.6857142857143	-74.6857142857143	-76.7285714285714	-59.7285714285714	-68.4428571428572	-72.0714285714286	-68.4428571428572	-66.9142857142857	-76.0571428571429	-77.8857142857143
2020/05/13	-39.5428571428571	-68.0285714285714	-54.5428571428571	-58.6571428571429	-46.9857142857143	-53.7714285714286	-62.0857142857143	-36.5285714285714	-39.0428571428571	-63.3714285714286	-71.2857142857143	-70.8142857142857	-53.2571428571429	-72.7857142857143	-76.2142857142857	-61.5571428571429	-67.2	-70.0714285714286	-69.9285714285714	-67.4142857142857	-75.4571428571429	-76.1714285714286
2020/05/14	-35.2142857142857	-65.7857142857143	-51.3142857142857	-56.2	-44.6857142857143	-51.2285714285714	-60.4571428571429	-33.8714285714286	-34.7714285714286	-61.0428571428571	-69.6428571428571	-68.4571428571429	-50.4428571428571	-70.3142857142857	-75.5428571428571	-63.0285714285714	-66.3	-67.9142857142857	-71.3857142857143	-67.9142857142857	-74.7571428571429	-74.6571428571429
2020/05/15	-34.9857142857143	-65.9285714285714	-51.4	-56.4714285714286	-45.1142857142857	-51.4857142857143	-60.7428571428571	-33.9142857142857	-33.4714285714286	-61.2714285714286	-69.7857142857143	-68.5857142857143	-49.4571428571429	-70.7714285714286	-75.5857142857143	-62.8	-66.5	-67.8571428571429	-71.4428571428572	-67.8142857142857	-74.8285714285714	-74.7714285714286
2020/05/16	-34.8142857142857	-65.6428571428572	-51.2428571428571	-56.2714285714286	-45	-51.3714285714286	-60.4857142857143	-34.2857142857143	-32.2714285714286	-61.0142857142857	-69.4	-68.3571428571429	-49.3571428571429	-70.9142857142857	-75.6428571428571	-62.3714285714286	-66.9714285714286	-67.5285714285714	-71.2142857142857	-67.6285714285714	-74.9571428571428	-74.5714285714286
2020/05/17	-35.1571428571429	-65.8428571428571	-51.3714285714286	-56.3285714285714	-45.5714285714286	-51.5	-60.5428571428571	-34.6285714285714	-31.1	-61.1571428571428	-69.4428571428572	-68.3	-48.0857142857143	-71.1714285714286	-75.6571428571429	-61.9285714285714	-67.1142857142857	-67.3142857142857	-70.2428571428571	-67.4571428571429	-75	-74.8571428571429
2020/05/18	-34.6428571428571	-65.4142857142857	-50.9285714285714	-55.9	-45.1142857142857	-51.0571428571429	-59.9857142857143	-34.4142857142857	-29.4714285714286	-60.7714285714286	-69.0857142857143	-67.7714285714286	-46.7857142857143	-70.8428571428571	-75.3428571428571	-60.7857142857143	-67.2	-66.6714285714286	-70	-67.1428571428571	-74.9428571428572	-74.9
2020/05/19	-35.1	-64.7714285714286	-50.6428571428571	-55.6142857142857	-45.1428571428571	-50.6285714285714	-59.6571428571429	-34.5857142857143	-28.6285714285714	-60.6285714285714	-69.0571428571429	-67.4428571428571	-44.9857142857143	-71.4142857142857	-75.3	-60.7	-67.4285714285714	-66.4	-70.2142857142857	-67.3285714285714	-74.9714285714286	-74.8
2020/05/20	-35.7285714285714	-64.0857142857143	-50.4571428571428	-55.6142857142857	-45.1428571428571	-50.6857142857143	-59.5714285714286	-34.4714285714286	-27.8142857142857	-60.5428571428571	-68.7571428571429	-67.1571428571429	-43.6857142857143	-71.6428571428571	-75.3285714285714	-60.4	-67.6571428571429	-66.2714285714286	-70.2428571428571	-67.2714285714286	-74.8142857142857	-74.7142857142857
2020/05/21	-36.1857142857143	-63.1571428571429	-49.9857142857143	-55.2	-44.4285714285714	-50.3285714285714	-59.3285714285714	-34.3857142857143	-27.8142857142857	-60.1285714285714	-68.4142857142857	-66.5285714285714	-42.8285714285714	-71.7142857142857	-75.0714285714286	-60.1	-67.2428571428571	-65.8571428571429	-70.1428571428571	-67.0857142857143	-74.4142857142857	-74.5857142857143
2020/05/22	-36.3428571428571	-62.3285714285714	-49.6142857142857	-54.8714285714286	-44.2142857142857	-49.9857142857143	-59.0428571428571	-34.2142857142857	-27.7857142857143	-59.8571428571429	-68.1142857142857	-66.0285714285714	-41.7857142857143	-71.6142857142857	-74.9571428571429	-59.8428571428571	-66.9714285714286	-65.5857142857143	-69.9428571428572	-66.9	-74.6142857142857	-74.3857142857143
2020/05/23	-36.4285714285714	-61.4571428571429	-49.3571428571429	-54.0142857142857	-44.2714285714286	-49.5857142857143	-58.6714285714286	-33.9285714285714	-27.3285714285714	-59.4142857142857	-67.8857142857143	-65.6	-40.3571428571429	-71.4714285714286	-74.7285714285714	-59.6571428571428	-66.5428571428571	-65.2285714285714	-69.9285714285714	-66.7	-74	-74.3285714285714
2020/05/24	-35.8571428571429	-59.5571428571429	-48.3571428571429	-50.4285714285714	-43.1571428571429	-48.8142857142857	-58.0714285714286	-33.6714285714286	-26.6714285714286	-58.0285714285714	-67.2428571428571	-64.7142857142857	-40.0571428571429	-71.1571428571429	-74.2428571428571	-58.5142857142857	-66.0142857142857	-64.6	-69.7	-66.4285714285714	-73.6142857142857	-74.0142857142857
2020/05/25	-35.4428571428571	-58.2142857142857	-47.6714285714286	-47.0714285714286	-43.1142857142857	-48.8142857142857	-57.8142857142857	-33.0714285714286	-26.7142857142857	-57.0285714285714	-66.8571428571429	-64.1857142857143	-39.2714285714286	-70.9285714285714	-74.0285714285714	-58.8857142857143	-65.6285714285714	-64.2	-69.4	-66.3857142857143	-73.8428571428571	-73.8285714285714
2020/05/26	-34.7428571428571	-56.9	-46.8428571428571	-43.9857142857143	-41.5571428571429	-48.3571428571428	-57.3	-32.4571428571429	-26.2	-55.9142857142857	-66.3428571428571	-63.6857142857143	-38.9857142857143	-70.1571428571429	-73.8	-58.4	-65.4571428571429	-63.3571428571428	-69.0714285714286	-66.0857142857143	-73.7857142857143	-73.5
2020/05/27	-34.1714285714286	-55.1714285714286	-45.6571428571429	-40.3142857142857	-39.7857142857143	-47.6	-56.3714285714286	-32.2428571428571	-25.0571428571429	-54.5285714285714	-65.5428571428571	-62.5714285714286	-38.4857142857143	-69.4	-73.1428571428571	-57.7285714285714	-64.8714285714286	-62.2142857142857	-68.5714285714286	-65.4142857142857	-73.4571428571429	-72.8142857142857
2020/05/28	-32.8285714285714	-52.6142857142857	-44	-36.3428571428571	-36.9285714285714	-46.6142857142857	-55.1571428571429	-31.1428571428571	-24.1857142857143	-52.7714285714286	-64.6714285714286	-61.2714285714286	-38.0428571428571	-68.5285714285714	-72.5714285714286	-57	-64.8571428571429	-61.0857142857143	-67.9142857142857	-64.8714285714286	-73.2428571428571	-71.8857142857143
2020/05/29	-32.0714285714286	-50.0857142857143	-41.9857142857143	-32.3	-33.7571428571429	-45.4	-53.8285714285714	-30.0285714285714	-23.4428571428571	-51.1142857142857	-63.7714285714286	-59.6428571428572	-38.0285714285714	-66.7	-71.7857142857143	-56.0571428571429	-64.6714285714286	-59.6	-67.1428571428572	-64.1428571428572	-72.7428571428571	-70.9714285714286
2020/05/30	-31.0714285714286	-47.3857142857143	-39.1857142857143	-28.7142857142857	-30.4714285714286	-44.0142857142857	-51.9571428571429	-28.7428571428571	-22.3857142857143	-49.4142857142857	-62.4	-57.6714285714286	-37.3285714285714	-64.6428571428572	-70.8428571428571	-55.1142857142857	-63.9857142857143	-57.8285714285714	-66.2142857142857	-62.9428571428571	-72.8714285714286	-69.5714285714286
2020/05/31	-29.3857142857143	-44.0714285714286	-34.7285714285714	-25.8714285714286	-27.4714285714286	-41.6857142857143	-47.6714285714286	-27.1571428571429	-21.9571428571429	-48.0142857142857	-60.5	-54.4	-36.2	-59.6714285714286	-68.8	-54.4714285714286	-63.4428571428571	-56.0571428571429	-63.7857142857143	-62.1857142857143	-72.5714285714286	-67.1714285714286
2020/06/01	-28.7	-41.1285714285714	-30.4428571428571	-23.7285714285714	-24.3571428571429	-39.3285714285714	-44.3285714285714	-25.9285714285714	-21.9428571428571	-46.9142857142857	-58.9571428571429	-51.5	-35.6714285714286	-55.6428571428571	-67.4142857142857	-53.7571428571429	-63.2428571428571	-54.4714285714286	-62.0285714285714	-61.0285714285714	-71.9428571428572	-64.9571428571428
2020/06/02	-27.6142857142857	-37.9857142857143	-26.5714285714286	-21.9714285714286	-22.4285714285714	-36.8	-41.0285714285714	-24.1714285714286	-21.1571428571429	-44	-56.7714285714286	-47.8857142857143	-35.1142857142857	-52.6285714285714	-65.0285714285714	-51.5571428571429	-60.8428571428571	-51.7571428571429	-59.8285714285714	-58.6428571428571	-70.3428571428571	-62.3857142857143
2020/06/03	-25.7857142857143	-34.7857142857143	-22.9	-20.5428571428571	-20.7	-34.4857142857143	-37.9571428571429	-22.3571428571429	-20.3714285714286	-41.5714285714286	-54.6571428571429	-44.5857142857143	-34.3	-49.7571428571429	-62.9571428571429	-49.7571428571429	-59.9428571428571	-49.0428571428571	-58.0285714285714	-56.9428571428571	-69.1857142857143	-60.2428571428571
2020/06/04	-25.0571428571429	-31.8714285714286	-20.0142857142857	-19.4857142857143	-20.9714285714286	-31.1142857142857	-35.1428571428571	-21.2857142857143	-19.9571428571429	-38.2571428571429	-52.6428571428571	-41.0857142857143	-32.5142857142857	-47.1714285714286	-60.9857142857143	-48.0714285714286	-59.1857142857143	-46.7571428571429	-56.4	-55.1571428571429	-67.9571428571429	-58.4
2020/06/05	-23.9428571428571	-29.3285714285714	-17.5	-18.3142857142857	-20.4	-28.2428571428571	-32.6714285714286	-20.3285714285714	-19.4428571428571	-35.1285714285714	-50.7285714285714	-37.9571428571429	-31.4285714285714	-45.4571428571429	-59.1428571428571	-46.6	-58.0428571428571	-44.6285714285714	-54.9714285714286	-53.6285714285714	-66.4428571428571	-56.5571428571429
2020/06/06	-23.4571428571429	-26.6428571428571	-15.5	-16.7571428571429	-19.9142857142857	-25.7	-30.7	-19.3142857142857	-19.5571428571429	-32.1285714285714	-49.3857142857143	-35.1714285714286	-31	-44.2	-57.6285714285714	-45.2714285714286	-57.4	-42.7428571428571	-53.6857142857143	-52.4428571428571	-65.4571428571429	-55.0571428571429
2020/06/07	-23.3285714285714	-23.6142857142857	-13.3	-15.5285714285714	-19.0857142857143	-23.8285714285714	-28.8571428571429	-18.2428571428571	-18.9	-28.5285714285714	-47.3142857142857	-32.4857142857143	-28.8	-44.3285714285714	-56.3142857142857	-43.5714285714286	-57.2571428571429	-40.6	-53.2428571428571	-51.1857142857143	-64.5285714285714	-53.6571428571429
2020/06/08	-22.6857142857143	-20.6714285714286	-11.2285714285714	-13.8285714285714	-18.4428571428571	-21.3857142857143	-26.8428571428571	-16.8428571428571	-17.1857142857143	-24.9285714285714	-45.5285714285714	-29.7142857142857	-27.8	-43.0285714285714	-54.3285714285714	-42.0571428571429	-56.2714285714286	-38.5714285714286	-52.0857142857143	-50.5285714285714	-63.1571428571429	-52.2571428571429
2020/06/09	-22.5	-19.5857142857143	-11	-13.5571428571429	-17.5	-20.3571428571429	-26.9	-17.0142857142857	-17.2142857142857	-23.7142857142857	-45.0285714285714	-28.8857142857143	-26.7714285714286	-42.9428571428571	-54.1142857142857	-41.7	-57.1857142857143	-38.3142857142857	-52.1571428571429	-50.8428571428571	-63.2714285714286	-52.3142857142857
2020/06/10	-23.3571428571429	-18.7714285714286	-10.7857142857143	-13.1857142857143	-17.2	-19.1142857142857	-26.5857142857143	-17.1	-16.9714285714286	-22.2	-44.8571428571429	-28.0428571428571	-26.2	-43	-53.8428571428571	-41.2	-56.3428571428571	-37.9285714285714	-51.9	-50.7428571428571	-63.3428571428571	-52.0428571428571
2020/06/11	-23.2857142857143	-18.2285714285714	-10.3	-12.6285714285714	-15.9428571428571	-19.0571428571429	-26.3285714285714	-17.1285714285714	-16.8428571428571	-22.0714285714286	-44.7	-27.8	-26.4285714285714	-42.8	-53.5571428571429	-40.6428571428571	-55.8285714285714	-37.2142857142857	-51.6285714285714	-50.5285714285714	-62.8714285714286	-51.7285714285714
2020/06/12	-24.1857142857143	-17.5857142857143	-10.0571428571429	-11.9857142857143	-16.1142857142857	-19.1571428571429	-26.0714285714286	-17.0142857142857	-17.2	-21.7857142857143	-44.4428571428571	-27.7	-26.6571428571429	-42.7	-53.2714285714286	-40.2	-55.1	-37.0428571428571	-51.3428571428571	-50.3714285714286	-62.6714285714286	-51.3571428571429
2020/06/13	-24.3	-16.7857142857143	-9.97142857142857	-11.9285714285714	-15.8714285714286	-19.1428571428571	-26.0714285714286	-16.9142857142857	-16.5142857142857	-21.3857142857143	-44.1428571428572	-27.3285714285714	-26.1714285714286	-42.0571428571429	-52.8714285714286	-39.9571428571429	-54.4714285714286	-36.7428571428571	-51.1714285714286	-50.2714285714286	-62.7571428571429	-51.1285714285714
2020/06/14	-24.7571428571429	-15.9285714285714	-9.77142857142857	-11.2	-15.6285714285714	-18.8857142857143	-26.0571428571429	-16.2	-15.9285714285714	-21.4571428571429	-44.1285714285714	-27.1285714285714	-26.1571428571429	-41.6142857142857	-52.4571428571429	-39.7	-53.4571428571429	-36.7857142857143	-50.7285714285714	-50.3428571428571	-62.7714285714286	-50.5
2020/06/15	-24.8714285714286	-14.9571428571429	-8.97142857142857	-10.9285714285714	-15.3285714285714	-18.6142857142857	-25.7	-15.8857142857143	-15.7428571428571	-20.6714285714286	-43.5714285714286	-26.5428571428571	-25.2	-41.1428571428571	-52.4571428571429	-39.6	-53.3	-35.9857142857143	-50.5571428571429	-49.8571428571429	-61.8428571428571	-49.8
2020/06/16	-24.9857142857143	-14.2428571428571	-8.57142857142857	-9.47142857142857	-15.1571428571429	-17.8	-25.2857142857143	-15.3571428571429	-15.0428571428571	-20.2142857142857	-43.4142857142857	-26.0571428571429	-25.0857142857143	-40.6	-52.1428571428571	-39.3571428571429	-52.5428571428572	-35.4714285714286	-50.1857142857143	-49.2571428571429	-61.6571428571429	-49.4285714285714
2020/06/17	-24.3571428571429	-13.3428571428571	-7.91428571428571	-8.88571428571428	-14.5285714285714	-17.2285714285714	-25.2571428571429	-14.7142857142857	-15.0714285714286	-19.6714285714286	-42.9571428571429	-25.5285714285714	-25.2714285714286	-39.6857142857143	-51.5428571428571	-39	-52.7	-34.7857142857143	-49.8714285714286	-49.0285714285714	-60.9714285714286	-49.1571428571429
2020/06/18	-23.9285714285714	-12.5428571428571	-7.71428571428571	-8.08571428571429	-14.6571428571429	-16.9428571428571	-24.6285714285714	-14.2857142857143	-15.1	-19.0142857142857	-42.5	-24.7714285714286	-24.8	-39	-51.0285714285714	-38.5714285714286	-52.2142857142857	-34.2857142857143	-49.4857142857143	-48.7285714285714	-61.2	-48.6571428571429
2020/06/19	-22.9285714285714	-11.3714285714286	-7.3	-7.85714285714286	-13.2714285714286	-16.1428571428571	-24.0571428571429	-14.0285714285714	-14.2571428571429	-18.3428571428571	-42	-24.1142857142857	-24.2428571428571	-38.2428571428571	-50.3857142857143	-38.1857142857143	-52.2	-33.4428571428571	-49	-48.2571428571429	-61.4	-48.2571428571429
2020/06/20	-23.1714285714286	-11.3714285714286	-6.78571428571429	-8	-13.4714285714286	-15.9	-23.4857142857143	-14.2428571428571	-14.1428571428571	-18.5285714285714	-41.6	-23.8857142857143	-23.4285714285714	-38.0142857142857	-50.1857142857143	-37.8	-51.3428571428571	-33.3857142857143	-48.7	-48.0285714285714	-60.0857142857143	-47.7857142857143
2020/06/21	-20.2142857142857	-9.57142857142857	-5.31428571428571	-6.3	-11.9857142857143	-14.7571428571429	-21.2428571428571	-13.8571428571429	-12.8142857142857	-17.2428571428571	-39.6571428571429	-22.4714285714286	-21.7571428571429	-35.4857142857143	-48.2428571428571	-36.0285714285714	-50.2	-31.6285714285714	-47.6714285714286	-46.6857142857143	-59.2285714285714	-46.7285714285714
2020/06/22	-18.2428571428571	-8.81428571428571	-5.42857142857143	-5.34285714285714	-11.5714285714286	-14.2857142857143	-20.3714285714286	-14.2285714285714	-12.0857142857143	-16.7857142857143	-38.8428571428571	-22.1142857142857	-20.4142857142857	-34.3	-47.4	-35.7	-48.9714285714286	-31.0142857142857	-47.1714285714286	-46.2857142857143	-59.0571428571429	-46.1428571428571
2020/06/23	-18.5142857142857	-8.88571428571429	-5.94285714285714	-6.55714285714286	-11.9714285714286	-14.9142857142857	-20.2428571428571	-14.4857142857143	-12.4	-17.2142857142857	-38.7	-22.3857142857143	-20.2142857142857	-34.3857142857143	-47.3857142857143	-35.3571428571429	-47.7428571428571	-31.2857142857143	-46.9142857142857	-46.1285714285714	-58.1142857142857	-45.7857142857143
2020/06/24	-18.0428571428571	-8.54285714285714	-6.11428571428571	-6.77142857142857	-11.2571428571429	-14.8714285714286	-19.9428571428571	-14.4571428571429	-11.7857142857143	-17.1	-38.5285714285714	-22.1428571428571	-19.9714285714286	-33.9428571428571	-47.1285714285714	-35	-46.6857142857143	-31.1142857142857	-46.6285714285714	-45.7142857142857	-57.4714285714286	-45.3285714285714
2020/06/25	-17.6571428571429	-7.51428571428572	-6.14285714285714	-7.04285714285714	-11.2	-14.6428571428571	-19.7714285714286	-14.3714285714286	-11.6857142857143	-17.2	-38.0857142857143	-22.0857142857143	-20.1571428571429	-33.9714285714286	-46.9142857142857	-34.6714285714286	-45.7	-30.8142857142857	-46.4	-45.4428571428571	-57.0142857142857	-45.0285714285714
2020/06/26	-17.6571428571429	-6.78571428571429	-5.97142857142857	-7.12857142857143	-11.8142857142857	-14.2285714285714	-19.5571428571429	-14.0571428571429	-11.7	-17.2428571428571	-37.8571428571429	-21.9142857142857	-19.5142857142857	-34.2857142857143	-46.5285714285714	-34.3142857142857	-44.8285714285714	-30.7142857142857	-46.2571428571429	-45.0285714285714	-56.1285714285714	-44.5857142857143
2020/06/27	-16.2428571428571	-5.22857142857143	-5.34285714285714	-6.07142857142857	-10.9285714285714	-13.3857142857143	-18.9285714285714	-13.3571428571429	-12.1428571428571	-16.6571428571429	-37.5142857142857	-21.0714285714286	-19.2857142857143	-33.4857142857143	-45.9	-33.7714285714286	-43.8285714285714	-29.6857142857143	-45.7285714285714	-44.5857142857143	-56.3142857142857	-43.9714285714286
2020/06/28	-16	-4.37142857142857	-5.42857142857143	-6.1	-10.9571428571429	-13.2	-19.2428571428571	-13.2571428571429	-12.1571428571429	-16.1428571428571	-37.3285714285714	-21.0714285714286	-19.9142857142857	-33.2571428571429	-45.5714285714286	-34.0857142857143	-44.6142857142857	-29.2428571428571	-45.0285714285714	-43.9857142857143	-56.1	-43.7
2020/06/29	-17	-3.58571428571429	-4.91428571428572	-6.22857142857143	-11.1857142857143	-13.3142857142857	-19.5	-11.7285714285714	-12.3428571428571	-16.2142857142857	-37.5285714285714	-21.2	-20.6857142857143	-33.3857142857143	-45.0428571428571	-33.5428571428571	-44.5857142857143	-29.0571428571429	-44.5571428571429	-43.3428571428571	-56.2285714285714	-43.4857142857143
2020/06/30	-16.0428571428571	-1.84285714285714	-3.68571428571429	-5.28571428571429	-10.3714285714286	-12.9714285714286	-18.6	-10.8142857142857	-12.1	-15.6571428571429	-37.0571428571429	-20.3428571428571	-20.3714285714286	-32.6285714285714	-44.3285714285714	-33.2285714285714	-44.6571428571429	-28.2142857142857	-44.2857142857143	-42.9142857142857	-56.0857142857143	-43.0571428571429
2020/07/01	-16.4	-1.27142857142857	-3.42857142857143	-4.8	-10.9	-12.9571428571429	-18.1714285714286	-10.2714285714286	-12.4714285714286	-15.6714285714286	-36.6428571428571	-20.3428571428571	-19.9	-32.9	-43.9571428571429	-32.8571428571429	-44.0285714285714	-28.5	-43.8428571428571	-42.5714285714286	-56.2857142857143	-42.6714285714286
2020/07/02	-17.4285714285714	-2.17142857142857	-3.87142857142857	-5.01428571428571	-11.5285714285714	-13.5	-17.8857142857143	-9.98571428571429	-12.5285714285714	-16.0142857142857	-36.3428571428571	-20.3571428571429	-19.5428571428571	-32.3428571428571	-43.3714285714286	-32.3142857142857	-42.7571428571429	-28.5142857142857	-43.2	-41.4714285714286	-55.5857142857143	-42.1142857142857
2020/07/03	-17.1285714285714	-1.51428571428571	-3.7	-4.48571428571429	-10.7857142857143	-13.5571428571429	-17.3857142857143	-9.57142857142857	-12.6714285714286	-15.9428571428571	-36.0428571428571	-20.0571428571429	-19.9428571428571	-30.9857142857143	-43.0857142857143	-31.9285714285714	-41.0428571428571	-27.9714285714286	-42.6714285714286	-40.7285714285714	-55.8714285714286	-41.7857142857143
2020/07/04	-17.7	-2.17142857142857	-4.6	-5.15714285714286	-10.9571428571429	-14.2714285714286	-17.4	-9.92857142857143	-12.6	-16.5142857142857	-35.7714285714286	-20.7571428571429	-19.8571428571429	-30.9857142857143	-42.7714285714286	-31.5142857142857	-40.7142857142857	-28.2857142857143	-42.3285714285714	-40.0142857142857	-55.5428571428571	-41.7
2020/07/05	-19.6714285714286	-3	-5.08571428571429	-6.2	-11.6142857142857	-14.4571428571429	-17.8	-9.98571428571429	-13.8571428571429	-17.5571428571429	-36.5857142857143	-22.0285714285714	-20.7857142857143	-32.7	-43.3571428571429	-31.2142857142857	-39.0571428571429	-29.3285714285714	-42.8142857142857	-40.2714285714286	-55.4571428571429	-42.1714285714286
2020/07/06	-20.0714285714286	-2.95714285714286	-5.34285714285714	-6.12857142857143	-11.3428571428571	-14.3571428571429	-18.0142857142857	-10.3857142857143	-14.6142857142857	-17.7	-36.8	-22.7285714285714	-21.7571428571429	-32.9428571428571	-43.7571428571429	-30.9714285714286	-38.4285714285714	-29.7571428571429	-42.9428571428571	-40.5428571428571	-55.5285714285714	-42.5571428571429
2020/07/07	-20.8285714285714	-4.2	-6.57142857142857	-6.77142857142857	-12.2285714285714	-14.6571428571429	-18.5857142857143	-11.8428571428571	-15.1428571428571	-18.2428571428571	-36.8142857142857	-23.6142857142857	-21.1857142857143	-33.1857142857143	-43.7571428571429	-30.6428571428571	-37.8857142857143	-30.2428571428571	-42.6571428571429	-40.4285714285714	-55.2285714285714	-42.4142857142857
2020/07/08	-20.7	-4.55714285714286	-6.78571428571429	-6.91428571428571	-12.2142857142857	-14.8714285714286	-18.4857142857143	-12.8857142857143	-15.2857142857143	-18.2714285714286	-36.7285714285714	-23.6428571428571	-19.7285714285714	-32.8714285714286	-43.5428571428571	-30.8428571428571	-37.3714285714286	-29.8714285714286	-42.5857142857143	-40.0285714285714	-54.8857142857143	-42.4142857142857
2020/07/09	-20.7857142857143	-4.6	-6.71428571428571	-6.98571428571428	-11.6428571428571	-14.9	-18.6571428571429	-13.7285714285714	-15.1714285714286	-18.3571428571429	-36.9285714285714	-24.1142857142857	-18.6571428571429	-33.0857142857143	-43.7714285714286	-30.9571428571429	-38.0142857142857	-30.2	-42.7714285714286	-40.6428571428571	-55.7	-42.7428571428571
2020/07/10	-21.0857142857143	-5.75714285714286	-7.14285714285714	-7.51428571428571	-12.4	-15.5285714285714	-18.9142857142857	-14.7	-14.6428571428571	-18.5857142857143	-36.9428571428571	-24.7142857142857	-17.1	-33.7142857142857	-43.8428571428571	-30.8285714285714	-38.5428571428571	-30.9	-42.7714285714286	-41.0571428571429	-55.8571428571429	-42.8142857142857
2020/07/11	-20.5	-5.68571428571429	-6.95714285714286	-7.18571428571429	-12.5	-15.2428571428571	-19.0571428571429	-15	-14.7571428571429	-18.5285714285714	-36.9571428571429	-24.7857142857143	-16.3857142857143	-33.7571428571429	-43.9857142857143	-30.8428571428571	-38.9428571428571	-30.9428571428571	-42.8142857142857	-41.3857142857143	-55.6428571428571	-42.8142857142857
2020/07/12	-20.0285714285714	-5.71428571428571	-6.9	-6.71428571428571	-12.4428571428571	-15.5571428571429	-19.1571428571429	-15.2142857142857	-14.4857142857143	-18.5285714285714	-36.9	-25.1142857142857	-16.5142857142857	-31.9571428571429	-44.0142857142857	-30.5571428571429	-38.7428571428571	-31.0285714285714	-42.7	-41.4285714285714	-56.0285714285714	-42.8285714285714
2020/07/13	-18.9714285714286	-5.95714285714286	-6.17142857142857	-6.52857142857143	-12.6428571428571	-15.9714285714286	-18.5714285714286	-15.3285714285714	-13.8714285714286	-18.7714285714286	-36.4428571428571	-25.3	-15.4	-31.1857142857143	-43.5428571428571	-30	-38.5571428571429	-31.1428571428571	-42.4285714285714	-41.1571428571429	-55.4142857142857	-42.7142857142857
2020/07/14	-18.4285714285714	-5.7	-5.85714285714286	-6.15714285714286	-12.5285714285714	-15.8285714285714	-18.6714285714286	-15.0857142857143	-13	-18.8428571428571	-36.4	-25.3714285714286	-15.9714285714286	-31.1428571428571	-43.7142857142857	-30	-37.9142857142857	-30.9857142857143	-42.5	-41.3142857142857	-54.6428571428571	-42.8
2020/07/15	-18.9285714285714	-6.25714285714286	-6.42857142857143	-6.18571428571429	-13.2857142857143	-16.2857142857143	-19.0428571428571	-14.8714285714286	-13.2428571428571	-19.1571428571429	-36.7428571428571	-26.3285714285714	-17.2142857142857	-31.4428571428571	-43.9857142857143	-29.6714285714286	-37.8	-31.3428571428571	-42.5	-41.7285714285714	-54.9428571428571	-42.8142857142857
2020/07/16	-18.2571428571429	-6.02857142857143	-6.2	-5.47142857142857	-12.9142857142857	-15.7714285714286	-19.0714285714286	-14.3571428571429	-12.7428571428571	-18.6714285714286	-36.6142857142857	-26.3571428571429	-18.1428571428571	-31.3285714285714	-43.9857142857143	-29.7	-37.7142857142857	-31.4571428571429	-42.5	-41.7142857142857	-54.4571428571429	-42.6142857142857
2020/07/17	-18.1714285714286	-5.9	-5.8	-5.37142857142857	-12.7571428571429	-15.6	-19.2	-13.9714285714286	-12.7857142857143	-18.4	-36.6428571428571	-26.5142857142857	-19.0285714285714	-30.5714285714286	-43.9857142857143	-29.5428571428571	-37.6857142857143	-31.5	-42.7285714285714	-41.7142857142857	-53.1428571428571	-42.8142857142857
2020/07/18	-18.7428571428571	-6.24285714285714	-6	-5.52857142857143	-13.3	-15.8142857142857	-19.4428571428571	-13.5714285714286	-12	-18.1857142857143	-36.9571428571429	-27.1	-19.6285714285714	-30.5714285714286	-44.0714285714286	-29.6428571428571	-37.8	-31.9	-43.0142857142857	-41.9285714285714	-53.5	-42.9857142857143
2020/07/19	-19.4285714285714	-7.31428571428571	-6.74285714285714	-6.84285714285714	-13.9571428571429	-16.1571428571429	-20.2142857142857	-12.9142857142857	-11.2714285714286	-18.5857142857143	-37.6142857142857	-28.0285714285714	-18.7428571428571	-31.7571428571429	-44.8571428571429	-30.8714285714286	-38.4	-32.5857142857143	-43.1714285714286	-42.4142857142857	-52.6	-43.4857142857143
2020/07/20	-19.7857142857143	-8	-7.22857142857143	-7.4	-14.2285714285714	-16.2	-20.4857142857143	-13.4285714285714	-11.3142857142857	-19.3714285714286	-37.9428571428571	-28.6142857142857	-19.1428571428571	-31.5857142857143	-44.8857142857143	-30.4571428571429	-37.8142857142857	-32.8428571428571	-43.4571428571429	-43.1142857142857	-52.8714285714286	-44.0142857142857
2020/07/21	-19.7714285714286	-8.01428571428571	-7.22857142857143	-7.12857142857143	-14.1571428571429	-15.9	-20.2857142857143	-12.9714285714286	-11.0285714285714	-19.2428571428571	-37.8857142857143	-28.7	-17.8	-31.4285714285714	-44.7	-30.4571428571429	-37.9857142857143	-32.8571428571429	-43.5285714285714	-42.9714285714286	-53.6571428571429	-44.1428571428571
2020/07/22	-19.3857142857143	-7.45714285714286	-7	-6.98571428571429	-12.8571428571429	-15.1285714285714	-20.1285714285714	-12.6571428571429	-9.9	-18.8428571428571	-37.8714285714286	-28.5	-18.0571428571429	-31.4	-44.7142857142857	-30.3857142857143	-37.7142857142857	-32.6	-43.7	-42.5857142857143	-52.7285714285714	-44.2
2020/07/23	-19.5714285714286	-7.32857142857143	-6.27142857142857	-7.15714285714286	-13.0285714285714	-14.8	-19.9714285714286	-12.3	-10.1	-18.5	-37.8714285714286	-28.5714285714286	-17.9428571428571	-31.3428571428571	-44.7	-30.4571428571429	-35.8	-32	-43.6714285714286	-42.5285714285714	-51.2285714285714	-44.0285714285714
2020/07/24	-21.9428571428571	-8.38571428571429	-6.35714285714286	-7.98571428571428	-14.8142857142857	-16.9	-19.2	-13.6142857142857	-12.1571428571429	-20.7857142857143	-38.5142857142857	-30.8142857142857	-18.8	-31.9571428571429	-43.6857142857143	-28.5	-33.7571428571429	-33.7857142857143	-40.9571428571429	-42.2428571428571	-50.1285714285714	-44.6571428571429
2020/07/25	-23.4428571428571	-8.94285714285714	-5.84285714285714	-8.72857142857143	-16.2428571428571	-18.7	-18.0857142857143	-15.1714285714286	-14.6142857142857	-22.8571428571429	-38.8142857142857	-32.5142857142857	-19.9857142857143	-30.9571428571429	-42.7428571428571	-25.7857142857143	-33.8	-35.4714285714286	-38.0142857142857	-41.7857142857143	-50.2142857142857	-45.6571428571429
2020/07/26	-22.7857142857143	-9.2	-5.62857142857143	-9.01428571428571	-16.4	-18.9285714285714	-19.2571428571429	-15.8142857142857	-14.9571428571429	-23.1142857142857	-39.2	-32.8571428571429	-20.9285714285714	-31.1571428571429	-42.6285714285714	-26.1285714285714	-32.6857142857143	-35.8285714285714	-39	-42.1142857142857	-50.1142857142857	-45.7571428571429
2020/07/27	-23.1142857142857	-9.47142857142857	-5.61428571428571	-9.51428571428571	-16.3714285714286	-19.3	-20.1857142857143	-15.4571428571429	-15.4142857142857	-22.5714285714286	-39.6571428571429	-33.4142857142857	-20.8	-31.4857142857143	-42.9714285714286	-27.1857142857143	-30.3714285714286	-36.1857142857143	-39.2428571428571	-41.7428571428571	-48.4571428571429	-44.9571428571429
2020/07/28	-23.2428571428571	-9.48571428571429	-5.28571428571429	-9.07142857142857	-15.9571428571429	-19.4	-20.5857142857143	-14.9714285714286	-16.1285714285714	-22	-39.9857142857143	-33.4571428571429	-22.5857142857143	-31.4714285714286	-43.0142857142857	-27.3571428571429	-29.6142857142857	-36.1857142857143	-39.2285714285714	-42.0428571428571	-48.1428571428571	-44.9142857142857
2020/07/29	-23.4142857142857	-9.84285714285714	-4.38571428571429	-9.04285714285714	-16.4428571428571	-19.8857142857143	-20.7142857142857	-14.9571428571429	-16.9	-21.9285714285714	-39.9142857142857	-33.6714285714286	-22.5428571428571	-31.2714285714286	-43.0571428571429	-27.3142857142857	-30.1714285714286	-36.4142857142857	-39.2714285714286	-42.6142857142857	-48.3	-44.9428571428571
2020/07/30	-23.1571428571429	-10.0571428571429	-4.51428571428571	-8.52857142857143	-16.5857142857143	-20.3857142857143	-21.5285714285714	-15.4428571428571	-17.3571428571429	-22.2	-40.3285714285714	-34.1428571428571	-23.3714285714286	-31.0285714285714	-43.3285714285714	-27.2571428571429	-32.2285714285714	-37.0428571428571	-39.5714285714286	-43.2571428571429	-48.8571428571429	-45.4714285714286
2020/07/31	-20.4428571428571	-9.07142857142857	-4.22857142857143	-7.37142857142857	-14.8285714285714	-18.1714285714286	-22.4	-13.4714285714286	-15.1285714285714	-19.5857142857143	-39.9714285714286	-32.2571428571429	-21.9714285714286	-30.7285714285714	-44.6142857142857	-29.6857142857143	-34.8	-35.2285714285714	-42.6428571428571	-44.0714285714286	-50.0571428571429	-44.9857142857143
2020/08/01	-18.9	-8.65714285714286	-4.12857142857143	-5.97142857142857	-13.0428571428571	-15.9	-23.6142857142857	-12.1142857142857	-12.9	-16.9714285714286	-39.7428571428571	-30.3571428571429	-21.1714285714286	-31.7571428571429	-45.6	-32.4571428571429	-34.3285714285714	-33.3857142857143	-45.6142857142857	-44.6142857142857	-49.0428571428571	-44.3714285714286
2020/08/02	-19.8714285714286	-8.98571428571428	-4.15714285714286	-5.21428571428571	-12.9857142857143	-15.8428571428571	-21.9571428571429	-12.4428571428571	-13.4857142857143	-16.3857142857143	-39.1142857142857	-29.7857142857143	-22.2142857142857	-31.9714285714286	-45.1	-31.4428571428571	-33.6714285714286	-32.9857142857143	-44.7142857142857	-43.7857142857143	-48.4285714285714	-44.3857142857143
2020/08/03	-19.7	-9.3	-4.5	-5.57142857142857	-13	-15.7	-21.2857142857143	-13.1857142857143	-13.6428571428571	-16.7142857142857	-39.0714285714286	-29.4285714285714	-23.3	-31.7714285714286	-44.9285714285714	-31.7	-36.2142857142857	-32.7857142857143	-44.7285714285714	-44.2285714285714	-49.6571428571429	-44.9857142857143
2020/08/04	-19.3142857142857	-8.94285714285714	-3.84285714285714	-5.78571428571429	-13.3714285714286	-15.4714285714286	-21	-13.4142857142857	-13.6714285714286	-16.6857142857143	-39.3285714285714	-29.5	-23.2571428571429	-31.2142857142857	-45.0285714285714	-31.8714285714286	-36.7714285714286	-32.7	-45.0142857142857	-44.0285714285714	-49.2714285714286	-45.1285714285714
2020/08/05	-18.8714285714286	-8.38571428571429	-3.61428571428571	-5.58571428571429	-13.2857142857143	-14.9	-20.8857142857143	-12.9142857142857	-13.7428571428571	-16.2142857142857	-39.6285714285714	-29.4714285714286	-23.2428571428571	-30.8285714285714	-45.3714285714286	-32.2714285714286	-36.4857142857143	-32.9	-45.4428571428571	-44.0142857142857	-49.0714285714286	-45.2857142857143
2020/08/06	-18.9714285714286	-8.11428571428572	-3.82857142857143	-5.6	-12.8857142857143	-14.3714285714286	-20.5714285714286	-12.3714285714286	-13.1	-15.9714285714286	-39.7428571428571	-29.1857142857143	-22.7714285714286	-30.8	-45.6285714285714	-32.7857142857143	-36.1	-32.9	-45.8285714285714	-43.7714285714286	-49.2428571428571	-45.2857142857143
2020/08/07	-18.8714285714286	-7.9	-4.02857142857143	-5.1	-12.8571428571429	-14.2571428571429	-20.5	-13.1	-13.7428571428571	-15.9714285714286	-39.9285714285714	-28.9714285714286	-23.2857142857143	-30.6714285714286	-45.9428571428571	-33.2	-34.7285714285714	-32.7857142857143	-46.0285714285714	-43.6714285714286	-48.4	-45.2428571428571
2020/08/08	-18.1	-7.45714285714286	-3.28571428571429	-4.9	-12.5285714285714	-14.4	-20.5714285714286	-12.2142857142857	-14.1571428571429	-15.9142857142857	-40.1571428571429	-28.8285714285714	-22.8285714285714	-30.4	-46.3857142857143	-33.8857142857143	-32.5	-32.4857142857143	-46.6428571428571	-44.1142857142857	-47.1714285714286	-46.7428571428571
2020/08/09	-17.0857142857143	-7.67142857142857	-3.14285714285714	-5.14285714285714	-12.3428571428571	-14.4285714285714	-20.6714285714286	-12.1	-14.4142857142857	-16.2428571428571	-39.9	-28.8428571428571	-22.4	-30.1142857142857	-46.1285714285714	-34.4857142857143	-31.6714285714286	-32.3428571428571	-47.4857142857143	-44.3285714285714	-45.8142857142857	-48.5571428571429
2020/08/10	-16.1	-6.68571428571429	-3.18571428571429	-4.85714285714286	-12.1714285714286	-13.9714285714286	-20.1142857142857	-12.0285714285714	-13.7142857142857	-15.7714285714286	-36.1714285714286	-28.3285714285714	-21.7	-29.8285714285714	-42.6857142857143	-34.1285714285714	-30.3857142857143	-32.3714285714286	-47.2	-44.0857142857143	-44.5	-50.2
2020/08/11	-18.1428571428571	-8.18571428571429	-4.15714285714286	-6.65714285714286	-13.9714285714286	-16.1428571428571	-19.5571428571429	-13.8142857142857	-16.5	-18.2428571428571	-33.5428571428571	-29.8285714285714	-23.1	-29.4714285714286	-39.0714285714286	-33.5714285714286	-30.3428571428571	-34.3142857142857	-45.3142857142857	-44.2428571428571	-44.4857142857143	-53.0714285714286
2020/08/12	-17.3285714285714	-7.32857142857143	-3.6	-6.37142857142857	-13.5	-15.6428571428571	-21.3285714285714	-13.7571428571429	-16.0285714285714	-18.4428571428571	-33.4714285714286	-29.8857142857143	-23.0571428571429	-29.3	-39.0428571428571	-34.9	-29.5571428571429	-34.0857142857143	-46.1	-46.2857142857143	-43.7571428571429	-55.1714285714286
2020/08/13	-16.2571428571429	-6.52857142857143	-2.21428571428571	-6.84285714285714	-13.3285714285714	-15.9142857142857	-23.2285714285714	-13.4	-15.8428571428571	-18.7285714285714	-33.8571428571429	-30.4	-22.7285714285714	-29.3571428571429	-39.0714285714286	-36.7142857142857	-28.5285714285714	-34.1142857142857	-47.2714285714286	-48.7	-42.6285714285714	-57.5142857142857
2020/08/14	-14.7714285714286	-5.61428571428571	-0.9	-8.11428571428571	-12.4714285714286	-15.9428571428571	-25.7714285714286	-12.0285714285714	-17.2857142857143	-19.6	-34.3714285714286	-30.8714285714286	-23.6428571428571	-29.2142857142857	-39.2142857142857	-38.5714285714286	-29.2142857142857	-34.1142857142857	-48.8142857142857	-51.3	-42.6	-60.0428571428571
2020/08/15	-12.7	-4.07142857142857	0.314285714285714	-8.67142857142857	-12	-15.4	-28.2	-11.4	-18.6714285714286	-20.6285714285714	-34.6571428571429	-31.2	-24.8285714285714	-28.3	-39.2285714285714	-40.3142857142857	-31.2285714285714	-34.3285714285714	-50.3571428571429	-53.6428571428571	-42.6285714285714	-61.0428571428571
2020/08/16	-12.2142857142857	-3.7	-0.0714285714285714	-9.62857142857143	-12.6428571428571	-15.3714285714286	-29.2571428571429	-11.7285714285714	-19.9571428571429	-21.5857142857143	-33.1285714285714	-31.2571428571429	-25.5285714285714	-27.5142857142857	-37.1285714285714	-41.4142857142857	-32.2857142857143	-34.7714285714286	-51.4857142857143	-54.5285714285714	-43.0857142857143	-61.4714285714286
2020/08/17	-13.2428571428571	-5.05714285714286	-0.714285714285714	-9.97142857142857	-13.2142857142857	-15.9285714285714	-30.4714285714286	-12	-21.8857142857143	-22.9285714285714	-34.7	-31.8428571428571	-26.2142857142857	-28.2714285714286	-38.0714285714286	-42.5571428571429	-31.5	-34.9142857142857	-52.2857142857143	-54.4	-41.8428571428571	-61.9
2020/08/18	-11.3	-3.44285714285714	0.414285714285714	-7.95714285714286	-11.2857142857143	-14.4142857142857	-31.6714285714286	-10.1285714285714	-19.0428571428571	-21.2	-36.6857142857143	-30.4714285714286	-23.8571428571429	-28.6857142857143	-41.5857142857143	-44.4285714285714	-30.5	-32.7571428571429	-55.0285714285714	-54.8142857142857	-41.2428571428571	-61.0428571428571
2020/08/19	-11.7571428571429	-4.6	-0.4	-7.8	-11.5	-14.7571428571429	-30.4857142857143	-9.82857142857143	-19.0857142857143	-21.2142857142857	-35.7714285714286	-30.4428571428571	-23.0571428571429	-28.1571428571429	-41.0857142857143	-43.6857142857143	-30.8142857142857	-32.6	-54.5714285714286	-53.2714285714286	-41.1142857142857	-60.5571428571429
2020/08/20	-12.4142857142857	-5.18571428571428	-1.28571428571429	-6.97142857142857	-13.6285714285714	-14.2857142857143	-28.5857142857143	-10.3285714285714	-19.8285714285714	-21.0428571428571	-34.2285714285714	-29.8142857142857	-22.6571428571429	-27.6571428571429	-40.1142857142857	-42.3285714285714	-31.2285714285714	-32.0857142857143	-53.6285714285714	-51.0571428571429	-41.3428571428571	-59.8857142857143
2020/08/21	-13.3428571428571	-6.05714285714286	-2.38571428571429	-5.5	-14.1714285714286	-14.2428571428571	-26.3571428571429	-10.6714285714286	-17.8428571428571	-20.2285714285714	-32.5142857142857	-29.1571428571429	-21.3571428571429	-27.5857142857143	-39.0428571428571	-40.6285714285714	-31.0571428571429	-31.7285714285714	-52.3285714285714	-48.8571428571429	-41.9571428571429	-58.9857142857143
2020/08/22	-15.4142857142857	-7.4	-4.2	-5.08571428571429	-14.5428571428571	-14.3285714285714	-23.9428571428571	-11.6	-16.5	-19.4428571428571	-30.8285714285714	-28.7142857142857	-20.5285714285714	-28.3142857142857	-37.9857142857143	-38.8571428571429	-30.8	-31.3428571428571	-50.9285714285714	-46.1571428571429	-43.0571428571429	-58.0428571428571
2020/08/23	-16.1571428571429	-6.92857142857143	-3.8	-3.85714285714286	-13.5285714285714	-14.1285714285714	-22.5857142857143	-10.8285714285714	-14.7571428571429	-18.0714285714286	-29.4857142857143	-28.0428571428571	-18.6285714285714	-28.4285714285714	-36.6428571428571	-37	-31.3857142857143	-30.3714285714286	-49.3571428571428	-44.7	-44.2142857142857	-57.5428571428571
2020/08/24	-16.4714285714286	-6.45714285714286	-3.58571428571429	-3.98571428571429	-12.8571428571429	-14.2714285714286	-21.9285714285714	-10.2571428571429	-13.0285714285714	-17.6428571428571	-29.0857142857143	-27.5428571428571	-18.9714285714286	-28.3857142857143	-36.0714285714286	-35.1285714285714	-32.9142857142857	-30.0142857142857	-48.6	-44.1285714285714	-46.4285714285714	-57.3571428571429
2020/08/25	-15.8142857142857	-6.85714285714286	-3.94285714285714	-3.68571428571429	-12.2857142857143	-13.4285714285714	-21.2571428571429	-9.81428571428571	-12.8571428571429	-16.8285714285714	-28.3714285714286	-26.8285714285714	-19.3714285714286	-28.4142857142857	-35.5428571428571	-34.2142857142857	-34.0428571428571	-29.5857142857143	-48.0857142857143	-44.3571428571429	-46.6142857142857	-56.8571428571429
2020/08/26	-16.3428571428571	-5.8	-3.85714285714286	-3.37142857142857	-12.1	-13.4	-20.6	-10.6285714285714	-13.0571428571429	-16.8714285714286	-27.9428571428571	-25.8571428571429	-19.4857142857143	-29.1142857142857	-34.7285714285714	-33.7285714285714	-34.2142857142857	-29	-47.7428571428571	-43.9428571428571	-47.2285714285714	-56.6714285714286
2020/08/27	-16.1571428571429	-5.61428571428571	-4.11428571428571	-3.1	-10.2	-13.6428571428571	-20.4	-10.3857142857143	-12.5142857142857	-16.8857142857143	-27.7142857142857	-25.3714285714286	-19.5571428571429	-29.4	-34.3857142857143	-33.1571428571429	-34.8428571428571	-28.7	-47.5	-43.6571428571429	-47.9714285714286	-56.5428571428571
2020/08/28	-16.8571428571429	-5.78571428571429	-4.45714285714286	-3.67142857142857	-10.3571428571429	-13.8857142857143	-20.3142857142857	-11.1428571428571	-13.2428571428571	-16.8857142857143	-27.4428571428571	-25.1714285714286	-20.0857142857143	-29.8	-33.9428571428571	-32.7285714285714	-35.7142857142857	-28.6	-47.2142857142857	-43.1428571428571	-47.9142857142857	-56.2857142857143
2020/08/29	-16.5428571428571	-5.44285714285714	-4.27142857142857	-3.61428571428571	-10.3714285714286	-14.2428571428571	-20.1571428571429	-11.4142857142857	-13.0428571428571	-16.9857142857143	-27.2571428571429	-24.6	-19.7571428571429	-29.6857142857143	-33.7714285714286	-32.3285714285714	-36.1428571428571	-28.4714285714286	-46.9428571428571	-43.0142857142857	-47.3142857142857	-56.0142857142857
2020/08/30	-15.8714285714286	-4.8	-3.82857142857143	-3.65714285714286	-10.8428571428571	-13.9285714285714	-19.8	-11.7142857142857	-12.7571428571429	-16.8857142857143	-26.7285714285714	-23.7857142857143	-20.0428571428571	-29.6857142857143	-33.4714285714286	-31.6285714285714	-36.7857142857143	-27.9857142857143	-46.7	-43.0142857142857	-47.1	-55.9428571428571
2020/08/31	-14.8142857142857	-3.97142857142857	-2.98571428571429	-2.57142857142857	-11.3714285714286	-12.9714285714286	-19.1285714285714	-11.3714285714286	-13.2285714285714	-16.0428571428571	-25.8714285714286	-22.9285714285714	-19.2571428571429	-28.8	-32.9428571428571	-32.1571428571429	-37.0142857142857	-27.4571428571429	-46.5142857142857	-42.5142857142857	-46.1571428571429	-55.8
2020/09/01	-14.8714285714286	-3.47142857142857	-3.17142857142857	-2.71428571428571	-11.6714285714286	-12.9285714285714	-19.0285714285714	-12.1142857142857	-12.9428571428571	-16.1714285714286	-25.4714285714286	-22.4428571428571	-19.6428571428571	-28.3714285714286	-32.4714285714286	-31.9	-36.4142857142857	-27.3428571428571	-46.2285714285714	-41.6	-45.4857142857143	-55.4714285714286
2020/09/02	-14.1428571428571	-4.44285714285714	-3.58571428571429	-3.27142857142857	-12.3714285714286	-12.7857142857143	-18.5285714285714	-12.2428571428571	-12.5142857142857	-16.4571428571429	-25.0857142857143	-22.2142857142857	-20.1857142857143	-28.4285714285714	-32.2571428571429	-31.5571428571429	-36.5285714285714	-27.5142857142857	-45.8428571428571	-41.4714285714286	-45.7571428571429	-55.2
2020/09/03	-14.6428571428571	-5.15714285714286	-3.84285714285714	-4.38571428571429	-13.2571428571429	-12.9571428571429	-18.4	-12.8428571428571	-11.8857142857143	-16.8571428571429	-24.9714285714286	-22.1285714285714	-21.5	-28.6142857142857	-32.2142857142857	-31.2714285714286	-35.9428571428571	-27.7571428571429	-45.5571428571429	-41.5428571428571	-45.8571428571429	-54.8714285714286
2020/09/04	-14.7285714285714	-5.4	-3.97142857142857	-4.77142857142857	-13.7428571428571	-12.9	-18.2	-13.0142857142857	-12.1	-17.3571428571429	-24.8	-21.9428571428571	-22.1142857142857	-28.6428571428571	-32.1	-30.8142857142857	-35.5714285714286	-27.7857142857143	-45.2857142857143	-41.2571428571429	-46.1714285714286	-54.7428571428571
2020/09/05	-15.7428571428571	-6	-4.31428571428571	-5.14285714285714	-14.1428571428571	-13.1857142857143	-17.8857142857143	-13.1714285714286	-12.1142857142857	-17.4714285714286	-24.7571428571429	-22.0285714285714	-22.8	-28.5857142857143	-31.8428571428571	-30.4857142857143	-35.2857142857143	-27.8857142857143	-44.9285714285714	-41.2428571428571	-47.0142857142857	-54.5857142857143
2020/09/06	-15.8	-6	-4.12857142857143	-5.4	-13.5857142857143	-13.3285714285714	-17.7571428571429	-12.6428571428571	-12.3571428571429	-17.6428571428571	-24.5714285714286	-22.1	-23.3285714285714	-27.7142857142857	-31.8142857142857	-29.5571428571429	-34.4714285714286	-27.6142857142857	-44.5428571428571	-41.1	-47.2142857142857	-54.6428571428571
2020/09/07	-15.7428571428571	-6.27142857142857	-4.71428571428571	-6.05714285714286	-13.5142857142857	-13.8	-17.9428571428571	-12.7142857142857	-12	-17.4	-24.6714285714286	-21.7571428571429	-23.0142857142857	-27.5714285714286	-31.7857142857143	-28.9285714285714	-35.2285714285714	-27.3	-44.1428571428571	-41.1142857142857	-48.2857142857143	-54.4857142857143
2020/09/08	-16.0857142857143	-7.15714285714286	-5.21428571428571	-7.08571428571428	-14.2571428571429	-14.1571428571429	-17.8142857142857	-13.0857142857143	-12.6285714285714	-17.7428571428571	-24.8	-21.8142857142857	-23.0428571428571	-28	-31.8571428571429	-28.5	-36.7714285714286	-27.7428571428571	-44.2285714285714	-41.4714285714286	-50.1285714285714	-54.6
2020/09/09	-15.7571428571429	-6.85714285714286	-5.1	-7.55714285714286	-14.2857142857143	-14.1	-17.8571428571429	-13.3285714285714	-12.7142857142857	-17.2285714285714	-24.8714285714286	-21.6142857142857	-22.9142857142857	-27.2714285714286	-31.9	-28.4	-36.5285714285714	-27.6	-44.3	-41.3428571428571	-49.9857142857143	-54.6857142857143
2020/09/10	-14.6285714285714	-5.98571428571429	-4.68571428571429	-7.34285714285714	-14.2571428571429	-13.8714285714286	-17.6428571428571	-12.7571428571429	-12.4142857142857	-17.0142857142857	-24.6857142857143	-21.1571428571429	-22.1571428571429	-27.0285714285714	-31.5857142857143	-28.2142857142857	-37.0142857142857	-27.0714285714286	-44.2571428571429	-41.3714285714286	-49.9857142857143	-54.7428571428571
2020/09/11	-13.9	-4.68571428571429	-4.41428571428571	-7.05714285714286	-13.9428571428571	-13.0571428571429	-17.1285714285714	-12.6857142857143	-11.3714285714286	-16.1142857142857	-24.4428571428571	-20.1857142857143	-21.7142857142857	-26.7714285714286	-31.3857142857143	-28.1714285714286	-36.4285714285714	-26.8571428571429	-44.2428571428571	-41.4285714285714	-49.6428571428571	-54.6142857142857
2020/09/12	-12.9571428571429	-3.71428571428571	-4.38571428571429	-6.85714285714286	-13.3285714285714	-12.2	-17.0571428571429	-13.0285714285714	-11.7285714285714	-15.2142857142857	-24.2571428571429	-19.4428571428571	-21.6142857142857	-26.9428571428571	-30.8714285714286	-28.0428571428571	-36.4428571428571	-26.2428571428571	-44.2857142857143	-41.2285714285714	-49.1428571428571	-54.6142857142857
2020/09/13	-12.8571428571429	-3.7	-4.88571428571429	-6.47142857142857	-13.6	-11.6571428571429	-17.4571428571429	-12.8142857142857	-11.2571428571429	-14.4285714285714	-24.4285714285714	-19	-20.2857142857143	-27.4714285714286	-30.5857142857143	-27.7428571428571	-36.4571428571429	-26.4857142857143	-44.2142857142857	-41.1	-48.7428571428571	-54.5857142857143
2020/09/14	-11.3428571428571	-2.24285714285714	-3.32857142857143	-5.17142857142857	-13	-10.4714285714286	-16.2857142857143	-12.5142857142857	-10.8857142857143	-13.2142857142857	-23.2	-17.8285714285714	-19.7285714285714	-25.6142857142857	-29.2428571428571	-25.5428571428571	-35.1285714285714	-25.7285714285714	-43.7142857142857	-40.5571428571429	-47.7571428571429	-54.2571428571429
2020/09/15	-10.8714285714286	-1.08571428571429	-2.78571428571429	-4.81428571428571	-12.0571428571429	-9.94285714285714	-16.1285714285714	-12.6428571428571	-10.7857142857143	-12.6857142857143	-22.8142857142857	-17.4285714285714	-19.7571428571429	-25.5571428571429	-29.0857142857143	-25.5	-33.7428571428571	-25.0857142857143	-43.5714285714286	-40.6	-47.1714285714286	-54.0285714285714
2020/09/16	-11.0428571428571	-0.485714285714286	-2.7	-3.61428571428571	-11.0285714285714	-9.32857142857143	-16.2	-12.3571428571429	-11.4285714285714	-12.5142857142857	-22.6714285714286	-16.7	-19.5	-25.4	-28.9142857142857	-25.1142857142857	-33.9857142857143	-24.8857142857143	-43.3428571428571	-40.6	-46.6714285714286	-53.7714285714286
2020/09/17	-10.9142857142857	-0.442857142857143	-2.42857142857143	-3.45714285714286	-9.55714285714286	-8.97142857142857	-16.0857142857143	-12.2571428571429	-12.9285714285714	-11.5571428571429	-22.2285714285714	-16.2428571428571	-19.4571428571429	-25.3285714285714	-28.6428571428571	-25.1285714285714	-33.3	-24.9	-43.1285714285714	-40.3	-45.7428571428571	-53.5714285714286
2020/09/18	-10.8428571428571	-0.628571428571428	-2.01428571428571	-3.17142857142857	-9.2	-8.92857142857143	-16.3285714285714	-12.6428571428571	-12.9428571428571	-11.4857142857143	-22.0142857142857	-16.1142857142857	-19.5428571428571	-24.7571428571429	-28.1142857142857	-25.0142857142857	-32.7	-24.4428571428571	-42.9571428571429	-40.5142857142857	-44.7571428571429	-53.2857142857143
2020/09/19	-10.6571428571429	-0.642857142857143	-1.71428571428571	-2.64285714285714	-9.25714285714286	-9.22857142857143	-16.0714285714286	-11.7857142857143	-12.4	-11.4571428571429	-21.2714285714286	-15.7285714285714	-19.1	-24.5142857142857	-27.8571428571429	-25.0285714285714	-30.4285714285714	-24.5428571428571	-42.6857142857143	-40.4428571428571	-43.5285714285714	-52.7571428571429
2020/09/20	-7.1	0.5	-0.9	-1.81428571428571	-8.94285714285714	-8.94285714285714	-14.7571428571429	-12.1285714285714	-11.7857142857143	-10.7571428571429	-19.5	-14.4857142857143	-17.7857142857143	-23.2714285714286	-26.6285714285714	-24.4857142857143	-25.1142857142857	-23.9285714285714	-41.7	-39.5571428571429	-40.5714285714286	-51.6
2020/09/21	-2.28571428571429	1.92857142857143	0	-1.15714285714286	-8.84285714285714	-8.81428571428571	-13.8285714285714	-11.4285714285714	-9.65714285714286	-10.6142857142857	-18.2285714285714	-13.9	-16.0571428571429	-22.0571428571429	-25.8714285714286	-23.9	-24.9142857142857	-23.1857142857143	-40.8142857142857	-38.8285714285714	-40.0571428571429	-50.7428571428571
2020/09/22	3.84285714285714	3.14285714285714	1.47142857142857	-0.285714285714286	-10.3285714285714	-9.52857142857143	-11.0428571428571	-11.4857142857143	-10.4428571428571	-10.7285714285714	-15.4	-13.4	-14.6285714285714	-17.3428571428571	-20.6142857142857	-20.3285714285714	-23.5714285714286	-23.7142857142857	-36.5857142857143	-36.2285714285714	-38.0714285714286	-51.1285714285714
2020/09/23	5.02857142857143	2.82857142857143	1.95714285714286	-2.34285714285714	-12.2857142857143	-11.3428571428571	-9.42857142857143	-12.6285714285714	-12.9	-11.0428571428571	-13.2428571428571	-14.4571428571429	-15.2	-15.7428571428571	-16.5428571428571	-17.6142857142857	-19.3571428571429	-24.8857142857143	-33.2142857142857	-33.9142857142857	-35.2285714285714	-51.8714285714286
2020/09/24	4.32857142857143	2.27142857142857	1.34285714285714	-2.65714285714286	-13.5714285714286	-12.0714285714286	-9.51428571428571	-14.1714285714286	-11.4285714285714	-11.8142857142857	-13.7428571428571	-14.8571428571429	-14.3142857142857	-15.7571428571429	-16.7714285714286	-17.7428571428571	-18.1	-24.9857142857143	-33.1285714285714	-33.9142857142857	-35.1571428571429	-51.5428571428571
2020/09/25	3.41428571428571	0.828571428571428	0.371428571428571	-4.15714285714286	-14.3571428571429	-13.2142857142857	-10.0857142857143	-14.3142857142857	-12.2	-13.2428571428571	-14.8142857142857	-16.0428571428571	-14.1428571428571	-16.9285714285714	-17.8571428571429	-18.5142857142857	-19.0714285714286	-25.9	-33.4857142857143	-34.4857142857143	-36.4428571428571	-52.1142857142857
2020/09/26	2.81428571428571	0.414285714285714	0.5	-4.74285714285714	-14.0571428571429	-13.4142857142857	-10.0428571428571	-15.0857142857143	-12.8428571428571	-14.1	-15.0571428571429	-16.0857142857143	-14.8142857142857	-16.8857142857143	-17.8714285714286	-18.3142857142857	-20.7428571428571	-25.9428571428571	-33.2571428571429	-34.2571428571429	-37.1142857142857	-52.2428571428571
2020/09/27	0.557142857142858	0	0.628571428571428	-4.75714285714286	-13.4571428571429	-13.6285714285714	-10.0571428571429	-14.9	-13.4	-14.1285714285714	-15.9571428571429	-16.6857142857143	-15.7571428571429	-17.7571428571429	-18.8142857142857	-18.9857142857143	-25.5142857142857	-25.2428571428571	-33.3857142857143	-34.4142857142857	-39.9571428571429	-52.8428571428571
2020/09/28	-2.58571428571429	-1.67142857142857	-0.371428571428571	-5.22857142857143	-12.8	-14.1285714285714	-10.9142857142857	-14.9142857142857	-15.0571428571429	-14.6	-17	-16.7857142857143	-17.1571428571429	-18.5285714285714	-19.5571428571429	-19.9285714285714	-24.9285714285714	-25.3428571428571	-33.5857142857143	-35.3857142857143	-40.6285714285714	-53.5
2020/09/29	-8.34285714285714	-2.47142857142857	-1.34285714285714	-5.2	-10.4	-13.5285714285714	-13.4714285714286	-14.1	-13.6714285714286	-14.3142857142857	-19.4857142857143	-16.6428571428571	-16.5857142857143	-22.4571428571429	-24.3571428571429	-23.4	-26.0285714285714	-24.7428571428571	-37.4428571428571	-37.4	-41.3857142857143	-52.8142857142857
2020/09/30	-8.72857142857143	-1.82857142857143	-1.42857142857143	-3.34285714285714	-8.04285714285714	-12.2714285714286	-14.8142857142857	-12.0714285714286	-10.3285714285714	-13.8285714285714	-21.3285714285714	-15.7428571428571	-16.1571428571429	-24.0857142857143	-28.1857142857143	-26.1	-29.5428571428571	-23.4857142857143	-40.6285714285714	-39.3714285714286	-44.3	-51.6857142857143
2020/10/01	-7.12857142857143	-0.928571428571428	-0.614285714285714	-2.54285714285714	-6.75714285714286	-11.7285714285714	-14.2285714285714	-10.8142857142857	-10.2857142857143	-13.2714285714286	-20.2571428571429	-14.9	-16.6714285714286	-23.1714285714286	-27.2571428571429	-25.4285714285714	-30.0285714285714	-23.1	-40.2857142857143	-38.7571428571429	-44.6	-51.6142857142857
