# 感染拡大前比	神奈川県 横浜中華街駅	神奈川県 川崎駅	神奈川県 横浜駅	千葉県 千葉駅	神奈川県 みなとみらい	東京都 銀座	神奈川県 橋本駅	東京都 丸の内	東京都 東京駅南	栃木県 宇都宮オリオン通り	東京都 羽田空港 第1ターミナル	東京都 霞が関	千葉県 船橋駅	東京都 立川駅	栃木県 宇都宮駅	埼玉県 大宮駅西	東京都 新宿駅	東京都 大手町	東京都 渋谷センター街	東京都 羽田空港 第2ターミナル	東京都 品川駅	東京都 東京駅
2020/05/01	-29.2	-50.5	-64.6	-56.0	-72.0	-64.7	-32.7	-75.7	-70.1	-36.0	-65.9	-64.1	-43.4	-48.1	-52.1	-58.7	-69.9	-72.9	-66.1	-72.2	-71.2	-73.2
2020/05/02	-54.9	-65.3	-76.1	-67.1	-82.2	-71.7	-49.3	-82.8	-80.5	-51.1	-72.1	-70.7	-52.9	-62.7	-60.0	-70.9	-79.9	-75.9	-77.7	-78.4	-69.4	-85.4
2020/05/03	-57.3	-68.5	-79.9	-72.3	-83.4	-79.3	-51.2	-85.7	-83.6	-58.1	-72.1	-72.7	-58.1	-66.5	-64.9	-75.5	-83.4	-85.7	-79.6	-78.5	-73.5	-87.4
2020/05/04	-56.9	-67.6	-79.0	-72.3	-81.2	-70.2	-54.1	-77.3	-79.2	-55.7	-68.3	-45.8	-59.4	-66.5	-62.2	-75.6	-82.7	-61.7	-79.4	-77.8	-63.2	-82.8
2020/05/05	-56.3	-68.7	-78.5	-71.5	-80.1	-70.6	-53.3	-77.0	-78.5	-57.1	-72.9	-46.5	-56.9	-66.6	-64.8	-76.3	-82.4	-58.3	-79.1	-79.1	-63.4	-82.8
2020/05/06	-58.3	-69.3	-78.8	-71.7	-83.8	-69.1	-49.5	-77.3	-77.3	-60.7	-70.7	-47.7	-60.1	-66.3	-65.4	-75.9	-82.3	-58.7	-79.2	-78.1	-63.2	-81.7
2020/05/07	-27.5	-46.7	-61.8	-50.5	-63.9	-54.5	-30.6	-72.2	-63.8	-29.3	-64.2	-58.6	-40.3	-46.7	-49.2	-55.9	-64.1	-68.2	-64.1	-73.0	-66.7	-70.0
2020/05/08	-26.4	-45.8	-61.3	-51.3	-66.0	-57.0	-26.6	-71.6	-66.0	-27.3	-63.2	-59.5	-38.6	-46.1	-44.9	-55.7	-64.6	-69.0	-64.3	-72.3	-67.8	-70.5
2020/05/09	-53.4	-59.6	-71.8	-63.4	-81.6	-64.5	-40.2	-82.2	-78.1	-43.0	-72.4	-71.4	-47.8	-57.6	-56.3	-67.4	-74.9	-73.3	-74.4	-78.1	-68.7	-83.1
2020/05/10	-54.9	-64.0	-76.7	-68.1	-83.7	-74.8	-45.3	-84.9	-82.6	-50.5	-70.8	-77.1	-54.4	-62.4	-61.0	-72.9	-79.1	-84.6	-77.9	-78.6	-73.8	-87.0
2020/05/11	-28.9	-47.7	-62.6	-52.8	-63.7	-57.0	-30.5	-71.9	-64.2	-30.0	-64.9	-57.3	-43.2	-49.1	-48.2	-57.0	-64.6	-67.0	-65.5	-73.2	-64.8	-70.1
2020/05/12	-27.4	-48.7	-63.2	-52.8	-66.8	-57.7	-33.0	-73.4	-67.0	-32.5	-64.2	-59.3	-44.5	-48.2	-47.8	-58.8	-66.1	-68.7	-65.1	-74.9	-66.9	-70.8
2020/05/13	-28.0	-46.7	-63.1	-54.5	-66.5	-57.7	-30.9	-72.6	-65.8	-30.8	-64.4	-58.0	-44.0	-48.5	-45.7	-59.6	-65.8	-68.9	-64.1	-73.2	-66.7	-71.1
2020/05/14	-25.9	-47.3	-62.8	-52.4	-67.1	-56.5	-30.9	-72.5	-64.8	-20.2	-65.6	-57.0	-43.3	-48.5	-42.3	-57.5	-65.0	-68.6	-63.7	-73.5	-66.0	-70.8
2020/05/15	-25.2	-44.7	-59.3	-49.9	-67.0	-55.2	-29.2	-72.0	-63.3	-18.9	-66.5	-56.5	-37.8	-45.3	-44.2	-53.9	-63.0	-67.4	-62.0	-73.2	-66.5	-69.1
2020/05/16	-55.8	-60.5	-73.2	-63.8	-83.4	-64.9	-42.6	-82.3	-78.4	-34.8	-73.4	-68.3	-51.8	-58.5	-47.4	-68.4	-74.5	-66.5	-72.9	-78.4	-67.5	-85.1
2020/05/17	-51.3	-60.9	-73.7	-65.1	-81.4	-70.9	-43.8	-82.7	-80.1	-39.1	-71.4	-69.1	-51.2	-59.3	-51.9	-70.2	-75.4	-82.9	-73.4	-78.2	-71.6	-87.3
2020/05/18	-32.1	-45.7	-58.1	-50.8	-67.7	-54.7	-31.7	-71.6	-64.0	-24.1	-66.5	-56.7	-43.4	-46.1	-35.6	-56.0	-62.3	-68.5	-63.6	-73.4	-66.1	-69.4
2020/05/19	-31.8	-47.4	-58.4	-52.8	-68.4	-57.1	-32.2	-73.6	-64.9	-26.8	-65.8	-57.2	-44.5	-48.6	-38.7	-58.2	-64.1	-68.9	-64.2	-73.8	-66.5	-70.2
2020/05/20	-31.2	-43.4	-56.6	-51.6	-67.0	-56.0	-30.3	-70.8	-63.4	-30.8	-61.5	-55.9	-39.0	-46.0	-39.7	-56.7	-61.4	-68.2	-61.2	-70.4	-65.4	-70.2
2020/05/21	-27.0	-44.7	-57.0	-50.1	-66.4	-54.5	-29.7	-71.7	-62.7	-20.0	-63.7	-55.2	-41.8	-46.1	-35.0	-55.6	-61.5	-67.2	-61.8	-74.9	-64.7	-69.4
2020/05/22	-25.8	-42.9	-53.2	-43.9	-66.0	-52.6	-27.2	-70.4	-61.7	-15.7	-63.5	-55.2	-38.2	-42.5	-34.2	-50.8	-60.0	-67.3	-59.5	-68.9	-65.1	-68.7
2020/05/23	-51.8	-53.5	-59.9	-38.7	-81.2	-60.7	-40.8	-78.9	-73.9	-30.2	-69.7	-60.3	-44.0	-53.1	-45.3	-58.7	-68.3	-64.9	-68.5	-75.7	-65.6	-82.9
2020/05/24	-48.4	-56.1	-64.3	-41.6	-79.8	-69.1	-39.6	-81.2	-77.4	-39.4	-68.7	-71.7	-50.9	-59.3	-46.4	-63.2	-71.7	-80.8	-70.6	-79.8	-71.3	-86.0
2020/05/25	-27.2	-39.9	-48.9	-29.2	-62.3	-51.1	-27.4	-70.0	-60.4	-20.5	-65.3	-53.3	-32.5	-42.9	-33.6	-48.2	-58.8	-66.2	-57.7	-73.0	-64.0	-67.1
2020/05/26	-27.8	-39.1	-46.3	-27.1	-63.1	-50.6	-30.7	-69.0	-59.3	-18.8	-61.7	-52.5	-32.1	-43.3	-35.2	-48.5	-56.3	-65.4	-56.2	-71.5	-61.8	-65.4
2020/05/27	-21.8	-31.8	-38.7	-23.8	-60.9	-47.5	-22.6	-66.8	-57.3	-24.7	-61.4	-50.8	-19.0	-39.1	-36.6	-44.4	-52.3	-63.6	-53.3	-68.9	-61.6	-63.7
2020/05/28	-21.7	-30.6	-39.3	-21.8	-53.6	-45.2	-21.9	-66.2	-56.4	-14.8	-62.4	-48.6	-19.6	-37.6	-34.9	-44.0	-50.1	-61.8	-51.4	-71.4	-59.6	-63.0
2020/05/29	-18.8	-23.3	-34.3	-18.8	-51.6	-39.5	-18.2	-63.8	-52.1	-8.3	-58.7	-48.6	-15.2	-32.8	-29.3	-38.9	-46.2	-60.8	-47.1	-69.8	-56.7	-58.9
2020/05/30	-40.0	-22.3	-36.7	-18.8	-46.4	-30.7	-29.7	-64.6	-60.6	-27.2	-65.9	-55.8	-23.0	-36.8	-37.4	-48.9	-45.4	-47.9	-56.1	-73.6	-60.3	-66.1
2020/05/31	-43.6	-26.1	-43.7	-26.6	-51.6	-45.7	-31.0	-71.5	-66.6	-39.3	-67.3	-66.7	-29.1	-42.8	-42.7	-55.5	-51.4	-68.5	-59.5	-75.4	-63.2	-70.5
2020/06/01	-19.6	-12.8	-26.9	-16.9	-41.2	-28.0	-15.1	-53.3	-45.1	-15.0	-48.5	-37.9	-19.0	-25.2	-29.7	-27.8	-33.5	-50.8	-38.7	-61.8	-47.3	-49.1
2020/06/02	-15.0	-13.4	-23.9	-17.1	-43.0	-29.1	-18.0	-54.5	-44.5	-13.3	-55.4	-39.9	-20.0	-27.1	-29.5	-31.5	-33.2	-52.8	-37.2	-63.4	-49.9	-50.4
2020/06/03	-16.7	-11.6	-18.3	-16.4	-42.8	-27.8	-15.1	-53.0	-43.2	-21.8	-56.1	-39.0	-20.9	-15.5	-24.1	-21.2	-27.8	-52.2	-37.3	-60.3	-49.1	-50.8
2020/06/04	-13.9	-13.0	-21.5	-13.6	-41.6	-27.9	-15.2	-53.3	-43.0	-11.2	-54.4	-38.3	-15.6	-17.5	-27.3	-22.1	-28.2	-51.8	-36.5	-60.8	-48.9	-50.1
2020/06/05	-15.4	-9.3	-15.5	-7.9	-42.8	-25.7	-11.1	-53.2	-42.7	-9.1	-54.2	-39.3	-11.8	-15.0	-26.3	-17.9	-26.7	-51.8	-33.9	-62.9	-48.4	-48.4
2020/06/06	-39.1	-6.9	-15.5	-10.2	-47.3	-17.8	-22.2	-55.4	-46.1	-22.6	-64.9	-43.9	-17.2	-23.7	-22.0	-23.7	-26.6	-44.8	-41.1	-67.1	-51.5	-56.3
2020/06/07	-39.1	-11.6	-23.1	-14.7	-42.5	-31.6	-21.2	-57.6	-54.1	-27.3	-60.4	-56.1	-24.6	-25.7	-35.7	-30.3	-32.0	-60.4	-45.3	-65.8	-58.6	-60.7
2020/06/08	-18.3	-11.2	-19.3	-15.0	-40.6	-28.4	-16.3	-51.8	-41.6	-15.2	-54.9	-35.4	-12.4	-18.0	-22.5	-19.3	-27.7	-51.3	-36.9	-62.6	-49.5	-49.5
2020/06/09	-21.0	-11.9	-18.2	-14.5	-43.4	-26.9	-18.6	-52.6	-43.3	-11.6	-49.5	-36.4	-17.9	-18.4	-25.5	-20.9	-27.3	-51.0	-34.5	-63.9	-49.2	-48.5
2020/06/10	-16.2	-8.2	-14.5	-12.5	-41.4	-26.0	-15.3	-51.0	-42.1	-20.9	-52.5	-35.1	-12.1	-15.1	-25.7	-20.3	-26.1	-50.3	-32.3	-57.0	-47.6	-48.6
2020/06/11	-20.2	-11.3	-17.0	-9.1	-40.9	-26.1	-14.4	-51.3	-41.2	-13.7	-49.3	-35.2	-16.8	-18.2	-28.9	-20.1	-27.5	-49.8	-35.3	-59.4	-47.8	-47.5
2020/06/12	-16.2	-8.7	-9.9	-7.5	-38.3	-25.7	-10.4	-50.4	-40.6	-4.3	-49.8	-37.6	-10.1	-14.9	-22.9	-15.1	-24.1	-50.6	-31.8	-63.5	-47.7	-46.8
2020/06/13	-42.3	-5.5	-9.5	-5.1	-44.2	-17.7	-17.2	-52.5	-46.0	-18.5	-57.8	-42.1	-15.5	-21.9	-21.9	-24.2	-25.2	-41.7	-41.4	-67.2	-52.0	-51.9
2020/06/14	-39.9	-6.0	-16.3	-12.8	-39.2	-29.1	-19.0	-57.6	-50.2	-26.0	-59.3	-55.4	-22.5	-23.8	-29.0	-24.8	-27.9	-59.2	-39.7	-59.3	-55.2	-55.8
2020/06/15	-19.1	-8.4	-14.3	-4.8	-36.8	-25.5	-12.6	-49.6	-40.5	-10.3	-49.6	-33.7	-11.2	-12.3	-21.7	-16.1	-24.3	-48.7	-33.3	-61.3	-45.3	-46.9
2020/06/16	-16.6	-7.3	-11.9	-10.4	-37.0	-26.7	-14.1	-48.4	-40.1	-11.8	-50.6	-33.9	-13.5	-14.4	-26.8	-17.1	-23.6	-48.8	-29.7	-59.1	-47.6	-46.6
2020/06/17	-13.2	-6.8	-8.9	-6.9	-36.6	-21.6	-12.3	-47.4	-38.9	-21.1	-49.1	-32.1	-13.0	-13.1	-22.4	-15.7	-20.8	-47.6	-28.8	-58.6	-45.5	-45.1
2020/06/18	-13.2	-8.4	-8.8	-7.5	-35.6	-22.1	-12.6	-46.8	-37.7	-7.8	-49.2	-32.5	-7.1	-12.6	-25.0	-15.4	-22.9	-46.4	-29.4	-60.8	-44.5	-44.7
2020/06/19	-17.9	-5.1	-9.9	-8.5	-36.7	-21.7	-11.9	-49.0	-37.8	-3.5	-43.8	-34.9	-11.5	-13.2	-17.2	-16.4	-22.5	-48.5	-31.4	-54.3	-46.1	-43.5
2020/06/20	-21.6	4.8	3.1	6.8	-26.5	-2.0	-14.5	-38.9	-32.4	-9.2	-49.8	-29.7	-5.1	-13.9	-10.2	-15.2	-15.3	-34.5	-29.1	-61.2	-42.6	-44.5
2020/06/21	-26.1	-6.8	-11.0	-6.1	-30.9	-23.0	-21.6	-51.7	-44.5	-20.9	-50.7	-53.1	-19.6	-20.5	-19.6	-21.6	-25.4	-55.7	-35.4	-58.1	-52.4	-51.7
2020/06/22	-21.0	-12.0	-14.8	-13.3	-37.4	-24.6	-14.4	-49.5	-39.5	-12.5	-41.0	-31.3	-14.0	-16.7	-20.3	-19.1	-26.2	-46.9	-35.2	-54.7	-44.2	-44.4
2020/06/23	-13.3	-8.5	-9.5	-11.9	-33.9	-24.6	-13.9	-46.6	-38.9	-7.5	-43.2	-31.4	-8.5	-14.1	-25.1	-16.3	-21.9	-46.8	-28.5	-54.6	-44.7	-43.4
2020/06/24	-10.5	-7.0	-1.7	-8.8	-36.8	-20.4	-11.7	-45.9	-35.8	-20.4	-42.2	-29.8	-12.6	-11.5	-23.7	-16.4	-20.4	-46.0	-26.7	-55.4	-43.6	-43.0
2020/06/25	-13.2	-7.2	-3.7	-8.1	-37.8	-20.6	-10.4	-44.1	-36.1	-7.9	-43.1	-30.0	-11.4	-9.7	-20.5	-15.7	-21.7	-45.4	-28.7	-54.6	-41.6	-41.6
2020/06/26	-8.0	-0.7	1.0	-1.1	-31.1	-17.3	-7.0	-44.6	-35.4	-6.6	-36.8	-31.1	-5.3	-7.3	-15.6	-12.3	-16.6	-44.8	-24.2	-55.6	-43.0	-39.2
2020/06/27	-19.9	4.2	9.1	6.6	-24.9	-4.2	-13.8	-36.6	-31.1	-9.3	-55.3	-31.9	-5.3	-12.6	-14.6	-11.6	-15.3	-29.6	-26.0	-59.7	-38.4	-42.6
2020/06/28	-33.1	-3.2	-5.5	-7.0	-31.8	-24.8	-10.9	-48.0	-45.9	-22.2	-50.5	-49.3	-21.2	-21.3	-25.0	-22.1	-26.3	-52.4	-34.1	-59.0	-47.9	-50.2
2020/06/29	-14.3	-3.4	-2.6	-6.7	-32.1	-18.3	-8.0	-44.5	-36.2	-10.8	-41.5	-29.1	-8.3	-14.3	-18.1	-15.2	-20.2	-45.0	-29.3	-53.7	-41.2	-41.4
2020/06/30	-15.8	-6.7	-5.5	-8.5	-35.8	-21.6	-10.1	-44.0	-36.0	-10.1	-38.8	-28.8	-12.2	-14.0	-21.8	-16.4	-21.9	-43.7	-30.5	-56.0	-42.3	-40.7
2020/07/01	-17.7	-10.1	-8.0	-10.3	-32.9	-18.4	-9.7	-41.8	-33.7	-20.8	-33.3	-26.0	-17.0	-15.3	-21.2	-18.8	-20.5	-41.5	-26.8	-50.5	-35.9	-39.1
2020/07/02	-11.1	-6.0	0.9	-4.4	-28.3	-17.1	-7.5	-42.1	-34.0	-8.9	-31.1	-27.3	-6.2	-10.1	-23.3	-15.2	-19.6	-41.7	-24.9	-56.6	-36.4	-39.3
2020/07/03	-12.0	-7.0	-3.6	-5.8	-31.1	-17.4	-9.5	-42.4	-33.5	-6.1	-34.5	-28.2	-6.5	-12.3	-15.0	-16.3	-21.5	-42.4	-26.4	-53.3	-38.0	-38.6
2020/07/04	-33.7	0.8	3.3	-0.7	-36.9	-7.0	-14.2	-40.7	-36.8	-18.1	-43.7	-29.8	-9.9	-13.9	-21.1	-18.9	-24.2	-33.0	-33.3	-59.1	-40.2	-45.9
2020/07/05	-35.9	-5.0	-5.2	-6.5	-33.5	-26.3	-13.7	-50.8	-47.4	-27.5	-46.1	-47.6	-19.3	-20.6	-31.8	-23.1	-31.2	-53.3	-37.1	-59.5	-49.8	-52.9
2020/07/06	-19.6	-12.0	-11.3	-11.2	-33.8	-22.3	-18.2	-44.5	-36.3	-14.5	-37.7	-26.8	-14.5	-16.4	-14.1	-19.0	-26.4	-43.0	-32.7	-51.6	-40.4	-40.4
2020/07/07	-14.9	-8.2	-8.0	-9.5	-33.6	-20.9	-17.4	-42.5	-35.4	-11.1	-35.2	-30.2	-12.1	-15.5	-11.6	-16.6	-22.1	-43.2	-27.9	-53.6	-39.5	-40.7
2020/07/08	-18.3	-9.6	-8.3	-10.8	-34.4	-19.6	-15.6	-43.4	-35.1	-20.0	-37.8	-26.8	-13.0	-15.5	-13.7	-19.4	-23.8	-42.8	-29.1	-56.2	-40.2	-41.4
2020/07/09	-13.2	-9.0	-7.2	-8.1	-32.7	-18.9	-14.3	-42.6	-34.1	-5.2	-34.8	-26.4	-11.5	-14.5	-12.4	-16.8	-23.8	-41.7	-29.8	-57.7	-39.3	-39.8
2020/07/10	-7.9	-5.7	-3.1	-3.5	-31.4	-18.4	-11.6	-43.4	-33.6	-6.9	-37.3	-28.3	-7.2	-10.3	-10.0	-15.9	-22.0	-42.7	-26.7	-51.8	-40.3	-38.6
2020/07/11	-30.4	1.2	3.1	2.6	-24.3	-7.7	-15.7	-40.9	-36.4	-16.2	-42.3	-27.8	-9.5	-16.1	-22.0	-18.9	-26.5	-32.2	-33.9	-61.8	-40.5	-46.0
2020/07/12	-28.5	0.1	-6.9	-5.2	-28.1	-22.2	-14.5	-47.5	-44.2	-23.2	-44.8	-43.7	-20.7	-23.5	-24.0	-24.8	-32.5	-51.4	-37.9	-55.2	-47.9	-52.1
2020/07/13	-15.8	-9.8	-9.5	-8.6	-33.5	-23.0	-16.5	-45.7	-36.0	-8.4	-33.2	-26.8	-13.7	-15.4	-18.1	-19.5	-26.9	-43.5	-31.6	-46.2	-41.5	-41.0
2020/07/14	-18.4	-12.2	-11.9	-9.7	-35.7	-23.5	-15.9	-44.4	-37.8	-12.8	-34.4	-27.9	-17.4	-18.7	-20.3	-18.8	-28.8	-43.2	-30.4	-55.7	-42.4	-40.8
2020/07/15	-13.6	-8.0	-6.7	-5.8	-33.6	-19.8	-12.0	-43.4	-34.2	-16.5	-37.2	-27.0	-10.4	-11.9	-20.2	-16.0	-24.0	-42.8	-29.9	-52.8	-40.1	-40.0
2020/07/16	-12.6	-6.2	-6.3	-7.4	-27.4	-19.8	-11.6	-42.6	-34.3	-5.5	-34.6	-25.3	-10.4	-13.3	-18.6	-14.9	-24.9	-43.3	-30.1	-48.5	-39.3	-41.2
2020/07/17	-11.9	-7.1	-5.5	-4.6	-31.4	-20.1	-8.8	-44.0	-35.8	-1.4	-38.1	-29.0	-11.0	-11.8	-14.2	-14.4	-26.1	-44.7	-29.5	-54.3	-41.8	-39.8
2020/07/18	-35.2	-4.0	-4.4	-6.6	-32.6	-13.1	-11.1	-46.4	-41.0	-11.1	-46.5	-36.4	-14.1	-18.5	-15.8	-21.7	-33.0	-33.3	-38.7	-55.5	-43.9	-49.5
2020/07/19	-31.0	-3.3	-11.7	-9.1	-26.9	-24.1	-18.1	-47.7	-46.5	-23.5	-40.7	-40.8	-22.6	-23.8	-26.8	-30.3	-36.6	-53.4	-39.7	-57.1	-52.8	-55.8
2020/07/20	-15.7	-9.8	-9.6	-6.7	-32.4	-21.6	-13.3	-44.4	-35.6	-6.4	-34.4	-26.8	-13.2	-13.3	-8.7	-18.6	-27.5	-44.0	-31.7	-51.7	-40.5	-41.9
2020/07/21	-15.7	-10.6	-8.0	-8.7	-35.5	-22.4	-13.7	-44.5	-37.7	-4.9	-32.5	-27.4	-8.3	-13.3	-22.1	-16.0	-27.4	-44.4	-28.6	-49.2	-39.7	-41.2
2020/07/22	-14.9	-2.9	-5.8	-7.0	-33.2	-18.7	-9.5	-43.3	-34.2	-17.9	-23.8	-27.5	-11.6	-9.6	-19.4	-13.6	-24.5	-42.6	-25.7	-42.3	-39.7	-38.8
2020/07/23	-29.2	-6.8	-13.7	-13.2	-31.7	-14.4	-20.8	-35.5	-38.8	-19.9	-20.3	-11.6	-22.9	-28.0	-24.6	-30.9	-40.6	-24.3	-42.6	-40.8	-37.3	-45.6
2020/07/24	-22.4	-3.5	-9.4	-9.8	-24.4	-12.3	-19.7	-37.4	-37.9	-18.6	-38.4	-10.0	-21.0	-24.4	-22.5	-28.9	-38.0	-24.1	-41.3	-54.9	-38.6	-46.8
2020/07/25	-30.6	-2.5	-6.2	-8.6	-34.0	-21.3	-15.6	-45.6	-43.7	-13.5	-38.7	-38.8	-15.2	-20.1	-22.4	-23.5	-35.4	-40.2	-41.2	-54.8	-46.2	-50.2
2020/07/26	-33.3	-3.2	-13.6	-12.6	-29.2	-30.6	-15.6	-50.1	-49.7	-26.7	-24.5	-48.2	-22.4	-26.4	-25.9	-26.5	-40.5	-55.1	-42.2	-45.5	-50.2	-50.2
2020/07/27	-16.6	-7.5	-9.7	-3.6	-32.3	-24.4	-9.9	-44.7	-37.9	-11.4	-29.1	-28.0	-10.3	-14.0	-21.2	-14.6	-27.8	-43.9	-31.7	-49.5	-42.6	-41.6
2020/07/28	-16.9	-4.3	-10.5	-8.5	-34.1	-23.3	-13.6	-44.8	-37.2	-10.3	-36.4	-27.1	-11.7	-16.7	-21.8	-15.5	-28.9	-44.7	-30.2	-50.3	-43.7	-41.4
2020/07/29	-13.1	-3.8	-7.3	-3.4	-31.5	-24.4	-12.9	-45.2	-37.1	-21.1	-38.2	-27.1	-12.6	-13.1	-25.2	-15.5	-27.8	-44.7	-30.1	-46.2	-44.2	-42.5
2020/07/30	-10.2	-4.8	-6.8	-5.1	-29.6	-20.5	-7.0	-44.5	-36.3	-4.3	-38.3	-28.6	-10.6	-12.5	-14.8	-12.6	-27.4	-45.8	-29.9	-49.2	-43.0	-42.2
2020/07/31	-11.6	-2.8	-6.5	0.0	-31.6	-20.8	-10.2	-44.3	-36.3	-3.0	-35.1	-29.4	-8.5	-8.5	-16.9	-10.6	-24.7	-44.9	-28.4	-47.8	-42.4	-42.5
2020/08/01	-37.4	-2.7	-8.5	-3.3	-35.5	-9.7	-17.9	-42.1	-39.3	-17.6	-34.1	-31.7	-14.8	-19.7	-29.7	-19.4	-31.4	-33.9	-38.4	-50.5	-40.4	-50.3
2020/08/02	-32.1	-5.6	-15.8	-15.1	-27.8	-25.9	-20.8	-48.9	-49.4	-27.8	-42.3	-50.0	-22.5	-25.4	-33.5	-28.8	-38.0	-55.2	-40.8	-54.1	-53.3	-54.4
2020/08/03	-13.9	-2.9	-7.2	-5.1	-28.4	-22.4	-11.5	-45.4	-39.7	-11.6	-33.0	-29.2	-12.9	-12.4	-20.9	-14.4	-28.3	-45.9	-31.1	-46.8	-41.2	-42.6
2020/08/04	-13.8	-2.7	-6.6	-7.1	-31.4	-22.5	-10.1	-47.2	-39.3	-10.8	-34.4	-29.9	-11.1	-12.7	-21.7	-12.2	-28.7	-47.7	-31.6	-48.9	-43.6	-42.5
2020/08/05	-13.8	-5.3	-5.4	-3.5	-31.3	-22.2	-9.1	-47.0	-37.9	-16.6	-35.5	-30.7	-9.8	-9.4	-21.9	-13.8	-25.8	-47.4	-30.1	-47.4	-42.5	-42.5
2020/08/06	-9.5	-6.2	-5.3	-1.6	-28.7	-20.0	-12.1	-46.7	-37.6	-8.8	-28.7	-31.5	-10.4	-11.7	-18.4	-12.6	-25.9	-47.2	-29.1	-43.3	-42.3	-41.9
2020/08/07	-6.2	2.4	-3.4	1.4	-29.7	-21.3	-4.0	-47.4	-37.9	-5.9	-19.5	-34.2	-6.2	-9.5	-13.7	-10.2	-23.7	-49.2	-26.3	-39.2	-45.5	-53.0
2020/08/08	-30.3	-1.7	-10.0	-5.0	-33.5	-10.4	-17.1	-40.3	-37.5	-19.4	-28.3	-35.9	-13.5	-19.9	-26.7	-21.7	-31.5	-39.8	-37.4	-41.0	-41.9	-63.0
2020/08/09	-25.2	-5.9	-8.9	-13.1	-25.8	-22.0	-20.3	-24.8	-23.3	-22.9	-33.3	-47.5	-21.3	-22.2	-28.6	-25.5	-34.4	-53.2	-41.0	-44.9	-51.6	-65.9
2020/08/10	-28.2	-9.7	-17.7	-17.7	-25.9	-18.5	-24.0	-20.1	-21.3	-31.1	-32.7	-25.3	-25.5	-27.6	-30.7	-31.7	-38.8	-32.7	-44.7	-46.7	-42.3	-62.7
2020/08/11	-8.1	1.2	-0.6	-5.1	-30.2	-34.9	-9.7	-47.0	-38.8	-7.5	-28.9	-39.2	-7.8	-9.2	-21.4	-13.6	-29.1	-53.2	-30.0	-43.8	-57.9	-57.2
2020/08/12	-6.3	4.4	0.2	-6.8	-31.7	-35.5	-6.6	-47.2	-40.6	-15.3	-28.3	-43.4	-8.6	-11.3	-19.6	-15.8	-29.4	-55.6	-30.3	-39.5	-59.4	-58.9
2020/08/13	0.9	3.0	1.1	-10.5	-27.7	-37.8	-2.5	-47.7	-41.2	-18.9	-33.5	-44.5	-4.4	-11.9	-24.8	-18.7	-29.2	-58.0	-29.1	-43.1	-60.5	-59.6
2020/08/14	8.3	10.9	7.4	-2.5	-23.3	-38.3	0.4	-47.5	-39.9	-15.6	-33.6	-46.4	-2.9	-5.7	-22.0	-17.4	-26.0	-60.0	-27.8	-39.4	-61.9	-60.0
2020/08/15	-26.9	-4.4	-7.4	-11.7	-28.0	-17.8	-19.4	-25.6	-26.8	-28.4	-35.7	-43.6	-18.0	-19.7	-31.6	-28.4	-31.9	-47.7	-40.5	-44.2	-48.1	-66.0
2020/08/16	-32.4	-10.4	-18.4	-15.5	-31.1	-30.5	-22.2	-31.4	-34.3	-36.4	-27.8	-55.5	-25.3	-26.1	-33.4	-34.9	-38.5	-58.8	-42.0	-36.2	-50.7	-68.9
2020/08/17	-14.6	-1.8	-6.4	-3.6	-28.8	-26.9	-10.9	-44.7	-35.2	-11.2	-25.7	-38.4	-12.0	-17.0	-14.2	-19.6	-29.2	-51.9	-29.6	-42.5	-45.2	-56.7
2020/08/18	-11.3	-4.5	-8.7	-4.0	-26.5	-26.6	-7.6	-43.5	-32.4	-7.8	-31.1	-34.0	-9.3	-11.6	-15.8	-13.7	-28.9	-50.0	-28.9	-42.9	-47.1	-53.8
2020/08/19	-10.9	-1.8	-3.9	-1.0	-28.2	-22.2	-10.1	-40.4	-29.8	-20.5	-31.2	-33.9	-23.5	-8.0	-16.8	-14.6	-25.0	-49.0	-26.7	-41.1	-43.9	-54.2
2020/08/20	-5.6	-4.7	-5.0	-0.2	-27.2	-22.2	-4.9	-40.2	-29.2	-5.0	-32.3	-32.6	-8.2	-11.6	-15.7	-13.0	-24.6	-48.9	-26.6	-47.4	-45.1	-53.3
2020/08/21	-6.2	-1.8	-2.0	0.4	-28.4	-21.4	-6.1	-40.1	-28.1	-6.2	-31.8	-34.0	-5.5	-6.3	-16.2	-11.9	-22.9	-50.2	-25.1	-47.1	-43.0	-53.4
2020/08/22	-32.1	-1.6	-4.1	-3.1	-28.8	-8.3	-14.0	-16.2	-17.4	-16.2	-39.8	-30.6	-10.9	-18.3	-18.3	-18.8	-27.2	-36.7	-33.7	-52.3	-37.9	-62.5
2020/08/23	-34.6	-8.9	-15.1	-16.4	-30.8	-25.9	-18.2	-27.4	-31.5	-24.3	-38.5	-42.4	-20.6	-27.1	-35.8	-31.9	-35.0	-53.5	-39.5	-51.7	-46.7	-67.6
2020/08/24	-10.0	-4.3	-9.2	-1.5	-29.0	-22.2	-7.8	-41.0	-30.2	-10.0	-33.6	-32.0	-8.0	-11.1	-17.0	-13.9	-24.2	-48.3	-26.6	-43.8	-46.8	-53.2
2020/08/25	-15.0	-3.9	-1.3	-1.8	-31.4	-22.0	-13.3	-37.8	-29.4	-9.2	-32.3	-30.6	-8.0	-11.4	-16.6	-14.0	-22.1	-47.6	-24.8	-47.2	-44.2	-52.5
2020/08/26	-9.6	-3.6	-2.6	0.9	-30.2	-20.8	-8.4	-38.0	-28.2	-16.7	-35.6	-29.9	-10.2	-9.7	-17.3	-14.7	-21.6	-47.3	-24.6	-46.3	-41.9	-53.3
2020/08/27	-10.5	-7.1	-6.2	-4.2	-30.0	-21.6	-10.2	-37.1	-27.3	-10.1	-38.4	-29.6	-9.3	-13.3	-19.4	-13.0	-23.2	-46.9	-25.9	-47.0	-41.5	-51.5
2020/08/28	-4.0	-0.5	0.4	0.8	-27.6	-20.3	-8.0	-38.9	-26.8	-4.8	-34.8	-31.2	-5.6	-8.8	-13.9	-12.6	-18.9	-48.3	-24.2	-42.9	-42.1	-51.5
2020/08/29	-27.4	1.5	0.4	-3.4	-28.8	-5.8	-16.1	-14.1	-13.7	-14.2	-44.3	-25.7	-14.2	-16.1	-20.3	-18.1	-21.5	-35.0	-30.3	-50.8	-37.9	-62.0
2020/08/30	-27.2	-3.0	-9.3	-8.8	-24.6	-21.2	-15.8	-23.7	-25.5	-27.6	-40.1	-46.1	-24.3	-20.4	-30.3	-26.0	-29.0	-52.2	-35.8	-45.1	-43.2	-66.6
2020/08/31	-10.4	-5.6	-5.7	-2.5	-26.0	-21.5	-13.0	-37.7	-27.4	-8.0	-29.4	-30.2	-10.1	-10.8	-19.7	-14.8	-20.8	-46.3	-25.8	-39.1	-40.4	-50.9
2020/09/01	-9.9	-6.8	-8.1	-5.7	-31.8	-18.5	-14.2	-36.3	-26.7	-6.2	-33.1	-28.2	-12.9	-10.4	-20.4	-16.0	-20.5	-44.9	-26.0	-49.1	-43.3	-50.6
2020/09/02	-13.1	-5.4	-7.6	-6.9	-31.5	-19.9	-12.6	-37.7	-27.4	-12.3	-31.5	-27.9	-16.4	-10.9	-26.5	-17.5	-21.0	-45.3	-26.3	-47.0	-42.4	-51.0
2020/09/03	-11.1	-8.0	-7.9	-6.9	-30.2	-20.2	-11.4	-36.3	-26.1	-11.6	-35.8	-26.4	-12.7	-12.9	-23.7	-16.5	-21.9	-45.0	-26.1	-49.2	-39.5	-50.6
2020/09/04	-11.1	-2.9	-3.8	-1.8	-27.2	-18.1	-9.1	-37.1	-26.5	-4.9	-32.8	-28.9	-8.4	-10.8	-18.7	-13.4	-19.5	-45.8	-24.9	-48.8	-42.0	-50.4
2020/09/05	-27.8	2.8	0.4	-5.2	-22.7	-4.9	-12.4	-13.9	-12.4	-15.9	-38.6	-19.2	-10.3	-17.1	-24.0	-19.3	-22.0	-32.3	-28.4	-52.2	-36.9	-62.4
2020/09/06	-26.8	-7.1	-11.2	-13.4	-23.6	-22.5	-16.3	-23.5	-26.2	-25.1	-45.4	-41.7	-23.8	-23.7	-28.1	-24.3	-26.6	-49.4	-33.6	-52.6	-43.3	-65.5
2020/09/07	-12.8	-9.1	-11.9	-9.7	-29.0	-20.6	-15.6	-38.2	-28.3	-12.4	-40.2	-27.2	-15.3	-13.3	-19.9	-17.2	-21.2	-46.9	-28.9	-52.0	-42.9	-51.7
2020/09/08	-7.6	-6.0	-6.0	-9.0	-26.7	-18.8	-15.9	-36.6	-27.2	-6.8	-31.4	-27.5	-13.1	-10.0	-19.5	-12.4	-19.1	-45.4	-25.0	-48.1	-42.4	-51.2
2020/09/09	-5.2	-2.5	-1.5	-5.4	-29.8	-18.4	-8.6	-35.5	-26.1	-10.2	-34.9	-26.6	-16.2	-9.3	-21.2	-16.0	-17.8	-45.0	-22.6	-47.0	-42.6	-51.4
2020/09/10	-6.0	-6.1	1.2	-4.9	-28.4	-16.6	-10.9	-34.9	-24.4	-4.3	-31.7	-26.1	-10.5	-7.2	-20.6	-10.2	-15.1	-44.9	-24.6	-46.8	-39.9	-49.7
2020/09/11	-4.5	-2.7	3.0	-0.4	-28.4	-17.6	-11.5	-33.5	-25.2	-7.4	-32.9	-28.0	-4.1	-4.8	-18.0	-7.1	-14.3	-46.1	-20.6	-45.3	-40.6	-50.4
2020/09/12	-27.1	-0.7	0.5	-2.5	-26.4	-7.7	-10.9	-11.9	-13.6	-12.6	-38.7	-17.1	-12.2	-13.3	-14.7	-13.8	-18.9	-31.8	-30.1	-49.4	-36.0	-62.2
2020/09/13	-16.2	3.8	-1.0	-4.3	-10.6	-14.3	-14.2	-14.1	-17.6	-22.5	-36.1	-26.3	-19.6	-15.4	-24.2	-15.8	-18.4	-45.9	-28.3	-45.7	-39.5	-63.2
2020/09/14	-9.5	-5.3	-3.8	-7.2	-28.6	-19.5	-16.5	-37.1	-25.6	-11.7	-30.5	-26.9	-8.7	-9.6	-20.1	-13.5	-18.4	-45.9	-24.4	-47.9	-43.2	-50.1
2020/09/15	-8.8	-5.4	-1.8	-0.6	-25.6	-19.3	-13.9	-35.4	-26.2	-11.3	-33.1	-24.8	-5.9	-5.7	-17.7	-11.2	-14.0	-43.8	-23.6	-44.6	-42.4	-49.4
2020/09/16	-4.3	-0.6	-1.2	-4.3	-29.3	-17.6	-7.9	-33.6	-23.0	-20.7	-30.1	-26.7	-5.9	-6.8	-20.9	-9.3	-14.6	-43.5	-22.7	-40.5	-40.5	-50.0
2020/09/17	-5.5	-3.2	-0.1	-2.9	-24.4	-18.3	-13.6	-31.2	-22.9	-4.4	-27.5	-25.3	-8.0	-6.9	-21.2	-9.7	-14.2	-43.7	-21.4	-39.9	-41.4	-47.7
2020/09/18	-3.2	-0.6	2.9	3.3	-26.7	-15.8	-5.5	-31.7	-20.0	-3.6	-17.0	-28.1	-4.5	-6.9	-14.9	-6.9	-11.6	-44.2	-21.3	-36.7	-40.1	-46.7
2020/09/19	-2.2	5.0	8.5	3.3	-17.7	1.5	-13.3	-3.3	-1.2	-8.3	-1.5	-13.3	-10.0	-11.3	-5.5	-8.9	-10.2	-24.9	-25.8	-28.7	-29.8	-54.1
2020/09/20	17.5	10.1	9.0	0.3	-2.1	-7.8	-9.3	-8.8	-8.7	-7.6	-34.7	-22.2	-18.9	-14.5	-12.1	-14.8	-14.3	-39.7	-23.1	-42.1	-34.4	-57.2
2020/09/21	33.4	5.0	4.7	-1.1	4.4	0.0	-16.9	-0.3	-5.8	-17.2	-21.1	-1.9	-19.1	-14.6	-10.1	-14.3	-14.9	-16.3	-28.1	-34.0	-25.0	-52.8
2020/09/22	-0.5	-2.0	-4.0	-15.0	-14.4	-8.0	-21.9	-6.9	-11.1	-28.5	-3.6	-5.8	-19.6	-18.4	-21.7	-13.4	-21.4	-20.2	-31.8	-24.7	-26.2	-54.6
2020/09/23	-9.2	-4.9	-5.1	-6.5	-29.4	-18.2	-18.7	-35.2	-26.5	-10.4	-21.3	-27.6	-14.9	-11.9	-14.7	-14.7	-17.4	-42.9	-23.4	-40.0	-40.5	-47.7
2020/09/24	-11.9	-10.0	-10.2	-13.4	-32.6	-22.3	-14.6	-38.8	-30.4	-9.8	-34.3	-30.7	-13.5	-14.9	-20.0	-19.7	-22.5	-46.2	-27.8	-48.9	-45.4	-51.7
2020/09/25	-7.4	0.3	0.0	-0.8	-26.4	-15.5	-10.9	-31.8	-21.7	-8.1	-28.7	-26.7	-2.4	-8.3	-19.6	-12.9	-11.9	-42.6	-21.6	-41.4	-38.5	-47.6
2020/09/26	-18.0	5.9	5.6	3.2	-23.8	1.4	-12.0	-9.9	-7.5	-12.2	-34.9	-18.0	-5.8	-12.8	-12.1	-9.1	-14.4	-25.8	-20.9	-48.6	-30.9	-58.3
2020/09/27	-4.5	3.1	-2.7	-3.0	-7.5	-13.8	-9.4	-14.0	-16.0	-19.2	-30.6	-28.8	-14.3	-18.0	-21.9	-18.1	-15.0	-41.1	-23.8	-46.8	-41.2	-61.8
2020/09/28	-6.9	-1.8	-0.9	-0.9	-23.1	-17.9	-11.2	-33.9	-23.2	-7.5	-28.8	-26.2	-2.3	-10.4	-6.1	-12.3	-13.9	-43.3	-23.9	-39.3	-39.1	-48.0
2020/09/29	-3.2	-2.6	0.5	-2.0	-25.8	-17.4	-7.7	-33.7	-24.0	-5.1	-28.2	-24.7	-3.1	-9.6	-18.7	-10.0	-15.1	-42.5	-23.0	-45.1	-40.0	-46.7
2020/09/30	2.0	0.8	1.2	-0.9	-23.0	-14.1	-9.9	-28.7	-19.0	-10.1	-24.7	-22.9	-5.9	-8.1	-18.3	-10.8	-11.5	-40.5	-20.7	-42.1	-36.2	-47.2
2020/10/01	2.8	-2.0	-4.3	-2.1	-24.6	-13.7	-5.9	-31.3	-20.0	-2.3	-29.5	-21.0	-5.9	-8.9	-18.5	-13.1	-15.0	-39.3	-21.7	-42.4	-34.7	-46.1
